coordinates LeftBoundaryScore RightBoundaryScore TADscore
chr20-0 -0.27130659072985 -0.241287485278218 -0.241287485278218
chr20-50000 -0.27130659072985 -0.241287485278218 -0.241287485278218
chr20-100000 -0.27130659072985 -0.241287485278218 -0.241287485278218
chr20-150000 -0.27130659072985 -0.241287485278218 -0.241287485278218
chr20-200000 -0.27130659072985 -0.241287485278218 -0.241287485278218
chr20-250000 -0.27130659072985 -0.241287485278218 -0.241287485278218
chr20-300000 -0.27130659072985 -0.241287485278218 -0.241287485278218
chr20-350000 -0.27130659072985 -0.241287485278218 -0.241287485278218
chr20-400000 -0.27130659072985 -0.241287485278218 -0.241287485278218
chr20-450000 -0.27130659072985 -0.241287485278218 -0.241287485278218
chr20-500000 -0.27130659072985 -0.241287485278218 -0.241287485278218
chr20-550000 0.487256290145501 -0.283818943807416 0.487256290145501
chr20-600000 1.22430467297196 0.291537333522013 1.22430467297196
chr20-650000 1.11374741554799 0.4284727919046 1.11374741554799
chr20-700000 0.710717046768831 0.31147847636277 0.710717046768831
chr20-750000 -0.359823636923341 -0.562385020565208 -0.359823636923341
chr20-800000 -1.09243990823526 -1.39808325083858 -1.09243990823526
chr20-850000 -1.00658096803206 -1.35165557137895 -1.00658096803206
chr20-900000 -0.729399254699751 -0.423101982186312 -0.423101982186312
chr20-950000 -0.775596206921802 -0.0981082259688885 -0.0981082259688885
chr20-1000000 -0.519662240110892 0.108015816561197 0.108015816561197
chr20-1050000 -0.0376713704405052 0.486995164916662 0.486995164916662
chr20-1100000 0.0397389141070872 0.595959661218322 0.595959661218322
chr20-1150000 0.94791152941204 1.35438468701262 1.35438468701262
chr20-1200000 1.27958330168395 1.28031173540398 1.28031173540398
chr20-1250000 0.671518385852116 0.465509267708921 0.671518385852116
chr20-1300000 0.376699032721532 -0.997431526561744 0.376699032721532
chr20-1350000 0.528908713797717 -1.02666181516153 0.528908713797717
chr20-1400000 0.989308248974866 -0.0516805465092565 0.989308248974866
chr20-1450000 0.425524550851528 0.0876024918696393 0.425524550851528
chr20-1500000 -0.729399254699751 -0.794523417863368 -0.729399254699751
chr20-1550000 -1.46855049025257 -1.54367783608614 -1.46855049025257
chr20-1600000 -1.26323361906735 -1.35165557137895 -1.26323361906735
chr20-1650000 -0.331843904696228 -0.60881270002484 -0.331843904696228
chr20-1700000 0.378509165112659 0.644734645385223 0.644734645385223
chr20-1750000 0.302994194438885 0.768693277620133 0.768693277620133
chr20-1800000 0.450403871004178 0.532955496770653 0.532955496770653
chr20-1850000 0.94791152941204 0.486995164916662 0.94791152941204
chr20-1900000 0.306458718649726 0.18968229498459 0.306458718649726
chr20-1950000 -0.519662240110892 -0.7381761959315 -0.519662240110892
chr20-2000000 -0.902451499014634 -0.980234135701896 -0.902451499014634
chr20-2050000 -0.471567650821717 -0.846296071635044 -0.471567650821717
chr20-2100000 0.148342837519221 -0.283818943807416 0.148342837519221
chr20-2150000 -0.406020589145393 0.180457850788903 0.180457850788903
chr20-2200000 -1.00658096803206 -0.222322913968271 -0.222322913968271
chr20-2250000 -1.14517182469821 -0.293738486279652 -0.293738486279652
chr20-2300000 -1.00658096803206 -0.0395549007450129 -0.0395549007450129
chr20-2350000 -0.637005350255648 0.798837549947807 0.798837549947807
chr20-2400000 0.284567984868224 1.90993182407743 1.90993182407743
chr20-2450000 0.616239757140132 1.09512935638237 1.09512935638237
chr20-2500000 0.653092176281455 0.169217461274356 0.653092176281455
chr20-2550000 0.81710081732649 -0.201147296768851 0.81710081732649
chr20-2600000 0.702848839221163 -0.216595071249142 0.702848839221163
chr20-2650000 0.149304606591831 -0.562385020565208 0.149304606591831
chr20-2700000 -0.267429732479239 -0.60881270002484 -0.267429732479239
chr20-2750000 -0.637005350255648 -0.748095738403736 -0.637005350255648
chr20-2800000 -0.960384015810006 -0.794523417863368 -0.794523417863368
chr20-2850000 -1.19136877692026 -0.794523417863368 -0.794523417863368
chr20-2900000 -0.617655240801375 -0.60881270002484 -0.60881270002484
chr20-2950000 0.339846613580208 0.364945940306339 0.364945940306339
chr20-3000000 0.339846613580208 0.737733291422222 0.737733291422222
chr20-3050000 0.0450272604496237 0.382129468463727 0.382129468463727
chr20-3100000 0.11873209873227 0.206253937078677 0.206253937078677
chr20-3150000 -0.0339693471347826 -0.053001393551568 -0.0339693471347826
chr20-3200000 -0.419865417308275 -0.515957341105576 -0.419865417308275
chr20-3250000 -0.544611445811546 -0.330246623267048 -0.330246623267048
chr20-3300000 -0.544611445811546 -0.405844430929087 -0.405844430929087
chr20-3350000 -0.544611445811546 -0.485988402880541 -0.485988402880541
chr20-3400000 -0.544611445811546 -0.36551446520224 -0.36551446520224
chr20-3450000 -0.249792092680961 -0.0669139363209247 -0.0669139363209247
chr20-3500000 0.579387337998808 0.132180985470035 0.579387337998808
chr20-3550000 1.05846878683601 0.317363364491639 1.05846878683601
chr20-3600000 1.0936986207764 0.372918078198119 1.0936986207764
chr20-3650000 0.752747250622472 0.465509267708921 0.752747250622472
chr20-3700000 0.368435991561318 0.132180985470035 0.368435991561318
chr20-3750000 -0.221232780257188 -0.748095738403736 -0.221232780257188
chr20-3800000 -0.960384015810006 -0.980234135701896 -0.960384015810006
chr20-3850000 -1.42235353803052 -1.02666181516153 -1.02666181516153
chr20-3900000 -1.56094439469667 -0.655240379484472 -0.655240379484472
chr20-3950000 -0.0655299969743457 -0.0981082259688885 -0.0655299969743457
chr20-4000000 1.46384539739056 0.891428739458609 1.46384539739056
chr20-4050000 1.99820547493975 1.90032383702136 1.99820547493975
chr20-4100000 1.70338612180916 1.87289534827311 1.87289534827311
chr20-4150000 0.94791152941204 1.37290292491478 1.37290292491478
chr20-4200000 0.00321701661217258 -0.201147296768851 0.00321701661217258
chr20-4250000 -0.498414493589495 -1.16594485354042 -0.498414493589495
chr20-4300000 -1.05277792025411 -1.16594485354042 -1.05277792025411
chr20-4350000 -1.19136877692026 -0.887378776782632 -0.887378776782632
chr20-4400000 -0.729399254699751 -0.469529661645944 -0.469529661645944
chr20-4450000 -0.176087254398315 0.108015816561197 0.108015816561197
chr20-4500000 1.42699297824924 0.938087969625676 1.42699297824924
chr20-4550000 1.22430467297196 1.33586644911046 1.33586644911046
chr20-4600000 1.24273088254262 1.28031173540398 1.28031173540398
chr20-4650000 1.35328813996659 1.29882997330614 1.35328813996659
chr20-4700000 0.258870299076575 0.4284727919046 0.4284727919046
chr20-4750000 -0.683202302477699 -1.25880021245969 -0.683202302477699
chr20-4800000 -1.32995963358642 -1.16594485354042 -1.16594485354042
chr20-4850000 -0.775596206921802 -0.933806456242264 -0.775596206921802
chr20-4900000 -0.775596206921802 -0.14453590542852 -0.14453590542852
chr20-4950000 -1.51474744247462 0.0411748124100074 0.0411748124100074
chr20-5000000 -1.09349397122594 0.317980410637348 0.317980410637348
chr20-5050000 0.111428651727448 1.7803041587623 1.7803041587623
chr20-5100000 0.149304606591831 1.79882239666446 1.79882239666446
chr20-5150000 0.333130646407426 2.37288777163143 2.37288777163143
chr20-5200000 -0.544611445811546 2.15066891680551 2.15066891680551
chr20-5250000 0.284567984868224 0.761801074143486 0.761801074143486
chr20-5300000 1.07689499640667 -0.0344831556494077 1.07689499640667
chr20-5350000 1.88764821751578 0.0210715580570733 1.88764821751578
chr20-5400000 2.80895869604886 0.621876064051481 2.80895869604886
chr20-5450000 2.71682764819555 1.3421168288466 2.71682764819555
chr20-5500000 0.838377571438022 -0.0897025260461248 0.838377571438022
chr20-5550000 -0.544611445811546 -1.63022164813674 -0.544611445811546
chr20-5600000 -1.16548370322509 -1.95521540435417 -1.16548370322509
chr20-5650000 -1.00658096803206 -1.63022164813674 -1.00658096803206
chr20-5700000 -0.498414493589495 -0.469529661645944 -0.469529661645944
chr20-5750000 -0.637005350255648 0.551879286465959 0.551879286465959
chr20-5800000 -1.46855049025257 0.364945940306339 0.364945940306339
chr20-5850000 -1.74573220358488 0.56221660286833 0.56221660286833
chr20-5900000 -0.765725960659485 1.45128043223671 1.45128043223671
chr20-5950000 1.13217362511865 2.37288777163143 2.37288777163143
chr20-6000000 2.4035820854943 2.9469531465984 2.9469531465984
chr20-6050000 3.1222042587501 3.22472671513081 3.22472671513081
chr20-6100000 2.07191031322239 1.29882997330614 2.07191031322239
chr20-6150000 1.09532120597733 -0.590030292714217 1.09532120597733
chr20-6200000 0.376699032721532 -1.76950468651564 0.376699032721532
chr20-6250000 -0.157661044827653 -1.53736628921748 -0.157661044827653
chr20-6300000 -0.323496930963607 -1.16594485354042 -0.323496930963607
chr20-6350000 -0.2313658831103 -0.515957341105576 -0.2313658831103
chr20-6400000 -0.127131383741277 -0.222322913968271 -0.127131383741277
chr20-6450000 0.148342837519221 0.0534524851700913 0.148342837519221
chr20-6500000 0.10214588529717 0.236257038411103 0.236257038411103
chr20-6550000 -0.378775559675592 -0.237978090524601 -0.237978090524601
chr20-6600000 -0.692021122376838 -0.775212671735821 -0.692021122376838
chr20-6650000 -0.268218302251623 -0.904840337050943 -0.268218302251623
chr20-6700000 0.210863146585578 -0.237391264347784 0.210863146585578
chr20-6750000 -0.0765228553578462 0.0411748124100074 0.0411748124100074
chr20-6800000 -0.419865417308275 -0.222322913968271 -0.222322913968271
chr20-6850000 -0.508089548316631 -0.575895217555646 -0.508089548316631
chr20-6900000 -0.544611445811546 -0.566104966406688 -0.544611445811546
chr20-6950000 -0.544611445811546 -0.562385020565208 -0.544611445811546
chr20-7000000 -0.544611445811546 -0.515957341105576 -0.515957341105576
chr20-7050000 -0.544611445811546 -0.44254873432125 -0.44254873432125
chr20-7100000 -0.637005350255648 -0.189997776648349 -0.189997776648349
chr20-7150000 -0.4709066075289 0.0186181407809136 0.0186181407809136
chr20-7200000 0.174010727444255 0.595959661218322 0.595959661218322
chr20-7250000 0.966337738982701 1.15068407008885 1.15068407008885
chr20-7300000 0.929485319841378 0.539582219317562 0.929485319841378
chr20-7350000 0.455395997430449 -0.14559258306237 0.455395997430449
chr20-7400000 -0.0955257431997706 -0.60881270002484 -0.0955257431997706
chr20-7450000 -0.471567650821717 -0.887378776782632 -0.471567650821717
chr20-7500000 -0.544611445811546 -0.655240379484472 -0.544611445811546
chr20-7550000 -0.544611445811546 -0.515957341105576 -0.515957341105576
chr20-7600000 -0.637005350255648 -0.515957341105576 -0.515957341105576
chr20-7650000 -1.23756572914231 -0.396081588205436 -0.396081588205436
chr20-7700000 -1.32995963358642 0.0613841793318328 0.0613841793318328
chr20-7750000 -0.286644511822284 0.94698345316509 0.94698345316509
chr20-7800000 1.26115709211329 1.87289534827311 1.87289534827311
chr20-7850000 2.32987724721166 2.61362486435952 2.61362486435952
chr20-7900000 2.49571313334761 2.24326010631631 2.49571313334761
chr20-7950000 2.38515587592364 0.706246360437006 2.38515587592364
chr20-8000000 1.70338612180916 -0.71965795802934 1.70338612180916
chr20-8050000 1.02161636769469 -0.887378776782632 1.02161636769469
chr20-8100000 -0.0471037874036841 -1.07308949462116 -0.0471037874036841
chr20-8150000 -0.650995216369205 -1.35165557137895 -0.650995216369205
chr20-8200000 -0.729399254699751 -1.16594485354042 -0.729399254699751
chr20-8250000 -0.637005350255648 -0.423101982186312 -0.423101982186312
chr20-8300000 -0.581133343306461 -0.330246623267048 -0.330246623267048
chr20-8350000 -0.544611445811546 -0.0981082259688885 -0.0981082259688885
chr20-8400000 -0.544611445811546 -0.014481088094457 -0.014481088094457
chr20-8450000 -1.28376268136436 0.354399840295959 0.354399840295959
chr20-8500000 -1.79192915580693 0.928465215262929 0.928465215262929
chr20-8550000 -1.53962676262727 1.33586644911046 1.33586644911046
chr20-8600000 0.0818796795909467 1.98400477568607 1.98400477568607
chr20-8650000 1.88764821751578 2.7617707675768 2.7617707675768
chr20-8700000 2.93794216304349 3.26176319093513 3.26176319093513
chr20-8750000 2.31145103764099 2.16918715470767 2.31145103764099
chr20-8800000 1.33486193039593 0.484027505611081 1.33486193039593
chr20-8850000 0.253763136609388 -1.18261390558335 0.253763136609388
chr20-8900000 -0.306051410342821 -1.49093860975785 -0.306051410342821
chr20-8950000 -0.544611445811546 -1.11951717408079 -0.544611445811546
chr20-9000000 -0.544611445811546 -0.515957341105576 -0.515957341105576
chr20-9050000 -0.729399254699751 -0.515957341105576 -0.515957341105576
chr20-9100000 -1.14517182469821 -0.276205835305295 -0.276205835305295
chr20-9150000 -0.526185236240884 0.236257038411103 0.236257038411103
chr20-9200000 0.00858416108828103 0.895321931074757 0.895321931074757
chr20-9250000 0.505682499716162 1.74326768295798 1.74326768295798
chr20-9300000 1.24273088254262 2.09511420309903 2.09511420309903
chr20-9350000 0.653092176281455 0.872910501556448 0.872910501556448
chr20-9400000 -0.157661044827653 -0.812249147540141 -0.157661044827653
chr20-9450000 -0.323496930963607 -1.39808325083858 -0.323496930963607
chr20-9500000 0.229289356156239 -0.840951097323 0.229289356156239
chr20-9550000 0.733654966510464 0.319740889167799 0.733654966510464
chr20-9600000 0.10214588529717 0.366168568627431 0.366168568627431
chr20-9650000 -0.590808398033597 -0.332435824144761 -0.332435824144761
chr20-9700000 -0.683202302477699 -0.845615661580962 -0.683202302477699
chr20-9750000 -0.683202302477699 -1.0174335941167 -0.683202302477699
chr20-9800000 -0.683202302477699 -0.655240379484472 -0.655240379484472
chr20-9850000 -0.544611445811546 -0.185618610576108 -0.185618610576108
chr20-9900000 -0.444814623008929 0.0713115131690338 0.0713115131690338
chr20-9950000 -0.544611445811546 -0.00648539127997898 -0.00648539127997898
chr20-10000000 -0.544611445811546 0.035666537206655 0.035666537206655
chr20-10050000 -0.544611445811546 0.187735699176516 0.187735699176516
chr20-10100000 -0.683202302477699 0.4284727919046 0.4284727919046
chr20-10150000 -0.683202302477699 -0.0159649177472473 -0.0159649177472473
chr20-10200000 -0.544611445811546 -0.219665534671011 -0.219665534671011
chr20-10250000 -0.544611445811546 -0.276205835305295 -0.276205835305295
chr20-10300000 -0.544611445811546 -0.156330082405155 -0.156330082405155
chr20-10350000 -0.286644511822284 0.382129468463727 0.382129468463727
chr20-10400000 0.284567984868224 0.539582219317562 0.539582219317562
chr20-10450000 0.984763948553363 0.354399840295959 0.984763948553363
chr20-10500000 1.40856676867858 -0.18262905886669 1.40856676867858
chr20-10550000 1.59282886438519 -0.479253037713413 1.59282886438519
chr20-10600000 1.81394337923313 -0.3661126499804 1.81394337923313
chr20-10650000 1.24273088254262 -0.515957341105576 1.24273088254262
chr20-10700000 0.431977661433516 -0.887378776782632 0.431977661433516
chr20-10750000 -0.157661044827653 -0.980234135701896 -0.157661044827653
chr20-10800000 -0.494713034410238 -0.933806456242264 -0.494713034410238
chr20-10850000 -0.544611445811546 -0.655240379484472 -0.544611445811546
chr20-10900000 -0.544611445811546 -0.515957341105576 -0.515957341105576
chr20-10950000 -0.286644511822284 -0.515957341105576 -0.286644511822284
chr20-11000000 -0.289290396473164 -0.515957341105576 -0.289290396473164
chr20-11050000 -0.295119388805004 -0.49088352845502 -0.295119388805004
chr20-11100000 -0.27623140590923 -0.387659225452819 -0.27623140590923
chr20-11150000 -0.142870573367486 -0.108556107258049 -0.108556107258049
chr20-11200000 -0.0364449713689835 -0.0900378693558887 -0.0364449713689835
chr20-11250000 -0.960384015810006 0.002553320154913 0.002553320154913
chr20-11300000 -1.65333829914077 0.132180985470035 0.132180985470035
chr20-11350000 -1.74573220358488 0.484027505611081 0.484027505611081
chr20-11400000 -0.765725960659485 1.13216583218669 1.13216583218669
chr20-11450000 1.13217362511865 2.15066891680551 2.15066891680551
chr20-11500000 3.14063046832076 3.29879966673945 3.29879966673945
chr20-11550000 2.51413934291827 2.50251543694656 2.51413934291827
chr20-11600000 1.74023854095049 0.835874025752128 1.74023854095049
chr20-11650000 1.05846878683601 -0.775212671735821 1.05846878683601
chr20-11700000 0.542534918857485 -1.58379396867711 0.542534918857485
chr20-11750000 0.155584517873593 -1.21237253300006 0.155584517873593
chr20-11800000 -0.2313658831103 -0.515957341105576 -0.2313658831103
chr20-11850000 -0.397201769246253 -0.515957341105576 -0.397201769246253
chr20-11900000 -0.489332817099561 -0.515957341105576 -0.489332817099561
chr20-11950000 -0.526185236240884 -0.515957341105576 -0.515957341105576
chr20-12000000 -0.526185236240884 -0.515957341105576 -0.515957341105576
chr20-12050000 -0.507759026670223 -0.515957341105576 -0.507759026670223
chr20-12100000 -0.523334691700014 -0.494574321830117 -0.494574321830117
chr20-12150000 -0.526185236240884 -0.441884389496935 -0.441884389496935
chr20-12200000 -0.523334691700014 -0.497439103203416 -0.497439103203416
chr20-12250000 -0.544611445811546 -0.515957341105576 -0.515957341105576
chr20-12300000 -0.544611445811546 -0.515957341105576 -0.515957341105576
chr20-12350000 -0.544611445811546 -0.515957341105576 -0.515957341105576
chr20-12400000 -0.544611445811546 -0.515957341105576 -0.515957341105576
chr20-12450000 -0.544611445811546 -0.404847913692614 -0.404847913692614
chr20-12500000 -0.590808398033597 -0.201147296768851 -0.201147296768851
chr20-12550000 -0.914187063587955 0.0395897959592336 0.0395897959592336
chr20-12600000 -1.09897487247616 0.502545743513242 0.502545743513242
chr20-12650000 -1.021731516749 0.909946977360769 0.909946977360769
chr20-12700000 -0.435045753326802 1.55808530393638 1.55808530393638
chr20-12750000 0.00858416108828103 2.15066891680551 2.15066891680551
chr20-12800000 0.328610753711351 2.39140600953359 2.39140600953359
chr20-12850000 0.560961128428147 1.85437711037095 1.85437711037095
chr20-12900000 0.155584517873593 0.243290412882997 0.243290412882997
chr20-12950000 0.210863146585578 -0.849285623344462 0.210863146585578
chr20-13000000 0.542534918857485 -0.793730909637981 0.542534918857485
chr20-13050000 0.35827282315087 -0.237391264347784 0.35827282315087
chr20-13100000 -0.268218302251623 -0.469529661645944 -0.268218302251623
chr20-13150000 -0.305070721392946 -0.699478858066392 -0.305070721392946
chr20-13200000 0.0634534700202852 -0.552661644497739 0.0634534700202852
chr20-13250000 0.0511376693113447 -0.336143711755365 0.0511376693113447
chr20-13300000 -0.0456273317984622 -0.469529661645944 -0.0456273317984622
chr20-13350000 -0.00785136600691461 -0.515957341105576 -0.00785136600691461
chr20-13400000 -0.142870573367486 -0.515957341105576 -0.142870573367486
chr20-13450000 -0.0826419235910346 -0.456019464655506 -0.0826419235910346
chr20-13500000 -0.683202302477699 -0.215071589298905 -0.215071589298905
chr20-13550000 -1.42235353803052 -0.16411082096453 -0.16411082096453
chr20-13600000 -1.6479516098544 -0.127074345160209 -0.127074345160209
chr20-13650000 -0.946352318255606 0.298845126589478 0.298845126589478
chr20-13700000 0.149304606591831 1.61364001764286 1.61364001764286
chr20-13750000 0.795100168627937 2.7617707675768 2.7617707675768
chr20-13800000 -0.267429732479239 1.89141358617527 1.89141358617527
chr20-13850000 -1.00658096803206 0.909946977360769 0.909946977360769
chr20-13900000 -1.00658096803206 0.335881602393799 0.335881602393799
chr20-13950000 -0.415627978816915 0.002553320154913 0.002553320154913
chr20-14000000 0.671518385852116 0.40995455400244 0.671518385852116
chr20-14050000 1.59282886438519 0.335881602393799 1.59282886438519
chr20-14100000 1.86922200794512 0.113390361620161 1.86922200794512
chr20-14150000 2.14561515150504 -0.00648539127997898 2.14561515150504
chr20-14200000 2.42200829506496 -0.0646287133955689 2.42200829506496
chr20-14250000 2.44043450463563 -0.494574321830117 2.44043450463563
chr20-14300000 1.66653370266784 -0.840951097323 1.66653370266784
chr20-14350000 0.966337738982701 -1.07308949462116 0.966337738982701
chr20-14400000 0.431977661433516 -1.30522789191932 0.431977661433516
chr20-14450000 0.11873209873227 -1.02666181516153 0.11873209873227
chr20-14500000 -0.102382416115669 -0.562385020565208 -0.102382416115669
chr20-14550000 -0.305070721392946 -0.515957341105576 -0.305070721392946
chr20-14600000 -0.434054188387577 -0.515957341105576 -0.434054188387577
chr20-14650000 -0.507759026670223 -0.515957341105576 -0.507759026670223
chr20-14700000 -0.544611445811546 -0.515957341105576 -0.515957341105576
chr20-14750000 -0.544611445811546 -0.515957341105576 -0.515957341105576
chr20-14800000 -0.544611445811546 -0.441884389496935 -0.441884389496935
chr20-14850000 -0.544611445811546 -0.441884389496935 -0.441884389496935
chr20-14900000 -0.544611445811546 -0.367811437888294 -0.367811437888294
chr20-14950000 -0.544611445811546 -0.0900378693558887 -0.0900378693558887
chr20-15000000 -0.544611445811546 0.002553320154913 0.002553320154913
chr20-15050000 -0.544611445811546 0.187735699176516 0.187735699176516
chr20-15100000 -0.502057937588482 0.280326888687318 0.280326888687318
chr20-15150000 -0.494713034410238 0.206253937078677 0.206253937078677
chr20-15200000 -0.544611445811546 0.0210715580570733 0.0210715580570733
chr20-15250000 -0.544611445811546 -0.275220248377492 -0.275220248377492
chr20-15300000 -0.544611445811546 -0.404847913692614 -0.404847913692614
chr20-15350000 -0.544611445811546 -0.515957341105576 -0.515957341105576
chr20-15400000 -0.683202302477699 -0.386329675790454 -0.386329675790454
chr20-15450000 -1.05277792025411 -0.18262905886669 -0.18262905886669
chr20-15500000 -0.728873541518161 0.206253937078677 0.206253937078677
chr20-15550000 0.524108709286824 0.761801074143486 0.761801074143486
chr20-15600000 1.70338612180916 1.46549411442558 1.70338612180916
chr20-15650000 1.9245006366571 1.20623878379533 1.9245006366571
chr20-15700000 1.53755023567321 0.484027505611081 1.53755023567321
chr20-15750000 0.94791152941204 -0.552993816909897 0.94791152941204
chr20-15800000 0.431977661433516 -0.701668058944104 0.431977661433516
chr20-15850000 0.0818796795909467 -0.840951097323 0.0818796795909467
chr20-15900000 -0.268218302251623 -0.562385020565208 -0.268218302251623
chr20-15950000 -0.519662240110892 -0.562385020565208 -0.519662240110892
chr20-16000000 -0.544611445811546 -0.515957341105576 -0.515957341105576
chr20-16050000 -0.544611445811546 -0.515957341105576 -0.515957341105576
chr20-16100000 -0.544611445811546 -0.473191302554657 -0.473191302554657
chr20-16150000 -0.498414493589495 -0.18262905886669 -0.18262905886669
chr20-16200000 -0.544611445811546 0.0766262717635543 0.0766262717635543
chr20-16250000 -0.960384015810006 0.317363364491639 0.317363364491639
chr20-16300000 -1.09897487247616 0.521063981415402 0.521063981415402
chr20-16350000 -0.617655240801375 0.706246360437006 0.706246360437006
chr20-16400000 -0.0826419235910346 1.35438468701262 1.35438468701262
chr20-16450000 -0.221232780257188 1.39142116281694 1.39142116281694
chr20-16500000 -0.683202302477699 0.928465215262929 0.928465215262929
chr20-16550000 -0.857857008512792 0.558100457219723 0.558100457219723
chr20-16600000 -0.12080862568633 0.4284727919046 0.4284727919046
chr20-16650000 0.892632900700055 0.39143631610028 0.892632900700055
chr20-16700000 2.38515587592364 1.00253816687157 2.38515587592364
chr20-16750000 2.42200829506496 0.521063981415402 2.42200829506496
chr20-16800000 1.75866475052115 -0.00648539127997898 1.75866475052115
chr20-16850000 1.02161636769469 -0.791769280261692 1.02161636769469
chr20-16900000 0.178798193980536 -1.25880021245969 0.178798193980536
chr20-16950000 -0.320068594505658 -1.21237253300006 -0.320068594505658
chr20-17000000 -0.544611445811546 -0.748095738403736 -0.544611445811546
chr20-17050000 -0.544611445811546 -0.515957341105576 -0.515957341105576
chr20-17100000 -0.544611445811546 -0.515957341105576 -0.515957341105576
chr20-17150000 -1.23756572914231 -0.315366839901128 -0.315366839901128
chr20-17200000 -1.60714134691872 0.18968229498459 0.18968229498459
chr20-17250000 -1.00526668507808 1.07661111848021 1.07661111848021
chr20-17300000 0.689944595422778 1.76178592086014 1.76178592086014
chr20-17350000 2.36672966635298 2.5765883885552 2.5765883885552
chr20-17400000 3.39859740231003 3.44694556995673 3.44694556995673
chr20-17450000 2.66154901948356 1.89141358617527 2.66154901948356
chr20-17500000 1.26391265366866 -0.275220248377492 1.26391265366866
chr20-17550000 0.499088709364126 -1.76950468651564 0.499088709364126
chr20-17600000 0.194539789741272 -1.39808325083858 0.194539789741272
chr20-17650000 -0.637005350255648 -1.16594485354042 -0.637005350255648
chr20-17700000 -1.19136877692026 -0.887378776782632 -0.887378776782632
chr20-17750000 -1.65333829914077 -1.02666181516153 -1.02666181516153
chr20-17800000 -1.42235353803052 -0.699478858066392 -0.699478858066392
chr20-17850000 -0.783171481280271 0.461921352266106 0.461921352266106
chr20-17900000 0.00321701661217258 1.57957854788946 1.57957854788946
chr20-17950000 0.404957889056233 2.63214310226168 2.63214310226168
chr20-18000000 0.00975198085306771 2.39140600953359 2.39140600953359
chr20-18050000 -0.683202302477699 1.52104882813206 1.52104882813206
chr20-18100000 -0.960384015810006 0.854392263654288 0.854392263654288
chr20-18150000 -0.618316284094192 0.280326888687318 0.280326888687318
chr20-18200000 0.376699032721532 -0.0159649177472473 0.376699032721532
chr20-18250000 0.929485319841378 -0.00209709361529246 0.929485319841378
chr20-18300000 1.02161636769469 0.14472011995336 1.02161636769469
chr20-18350000 0.35827282315087 -0.216267958855225 0.35827282315087
chr20-18400000 -0.010251368262361 -0.716547842310024 -0.010251368262361
chr20-18450000 0.726797014564101 -1.07191584226753 0.726797014564101
chr20-18500000 1.74023854095049 -0.562385020565208 1.74023854095049
chr20-18550000 1.64810749309718 -0.14453590542852 1.64810749309718
chr20-18600000 0.94791152941204 -0.283818943807416 0.94791152941204
chr20-18650000 0.431977661433516 -0.772887464850718 0.431977661433516
chr20-18700000 0.00858416108828103 -0.875584599805998 0.00858416108828103
chr20-18750000 -0.268013642361632 -0.840951097323 -0.268013642361632
chr20-18800000 -0.484971436944365 -0.515957341105576 -0.484971436944365
chr20-18850000 -0.590808398033597 -0.515957341105576 -0.515957341105576
chr20-18900000 -0.637005350255648 -0.515957341105576 -0.515957341105576
chr20-18950000 -1.00658096803206 -0.485988402880541 -0.485988402880541
chr20-19000000 -0.728873541518161 -0.215071589298905 -0.215071589298905
chr20-19050000 -0.194513463968977 0.0400011600563732 0.0400011600563732
chr20-19100000 0.200074948092067 0.558100457219723 0.558100457219723
chr20-19150000 -0.0955257431997706 0.411773726964994 0.411773726964994
chr20-19200000 -0.288958163347144 0.296597391361888 0.296597391361888
chr20-19250000 -0.498414493589495 -0.053001393551568 -0.053001393551568
chr20-19300000 -0.544611445811546 -0.404847913692614 -0.404847913692614
chr20-19350000 -0.914187063587955 -0.497439103203416 -0.497439103203416
chr20-19400000 -1.23756572914231 -0.460402627399095 -0.460402627399095
chr20-19450000 -1.05277792025411 -0.18262905886669 -0.18262905886669
chr20-19500000 -0.195322566002387 0.521063981415402 0.521063981415402
chr20-19550000 0.702848839221163 1.37290292491478 1.37290292491478
chr20-19600000 1.18494881133671 2.22474186841415 2.22474186841415
chr20-19650000 0.514523581540977 1.98400477568607 1.98400477568607
chr20-19700000 -0.0826419235910346 0.872910501556448 0.872910501556448
chr20-19750000 -1.09739773293139 -0.497439103203416 -0.497439103203416
chr20-19800000 -0.968414265936761 -1.27520509509415 -0.968414265936761
chr20-19850000 -0.434054188387577 -1.02666181516153 -0.434054188387577
chr20-19900000 0.763649433705424 -0.0516805465092565 0.763649433705424
chr20-19950000 2.62469660034224 1.0990320081496 2.62469660034224
chr20-20000000 2.6431228099129 1.2522100141715 2.6431228099129
chr20-20050000 1.09532120597733 -0.0395549007450129 1.09532120597733
chr20-20100000 0.253763136609388 -1.11468188081844 0.253763136609388
chr20-20150000 -0.216591397042049 -1.76950468651564 -0.216591397042049
chr20-20200000 -0.215914368357315 -1.07308949462116 -0.215914368357315
chr20-20250000 0.00975198085306771 -0.330246623267048 0.00975198085306771
chr20-20300000 -0.498414493589495 -0.190963584888152 -0.190963584888152
chr20-20350000 -1.19136877692026 -0.259027217360434 -0.259027217360434
chr20-20400000 -1.46855049025257 -0.390588277852796 -0.390588277852796
chr20-20450000 -0.982874215750521 0.0186181407809136 0.0186181407809136
chr20-20500000 -0.0364449713689835 1.55808530393638 1.55808530393638
chr20-20550000 0.137158308302931 2.35436953372927 2.35436953372927
chr20-20600000 0.0266010508789621 1.63215825554502 1.63215825554502
chr20-20650000 0.339846613580208 0.909946977360769 0.909946977360769
chr20-20700000 0.450403871004178 0.650691646730524 0.650691646730524
chr20-20750000 0.671518385852116 0.687728122534845 0.687728122534845
chr20-20800000 0.782075643276086 0.446991029806761 0.782075643276086
chr20-20850000 0.616239757140132 -0.369140127536924 0.616239757140132
chr20-20900000 0.94791152941204 -0.845615661580962 0.94791152941204
chr20-20950000 1.33486193039593 -0.980234135701896 1.33486193039593
chr20-21000000 0.966337738982701 -0.562385020565208 0.966337738982701
chr20-21050000 0.628001222119201 -0.515957341105576 0.628001222119201
chr20-21100000 0.439448700496945 -0.515957341105576 0.439448700496945
chr20-21150000 0.333130646407426 -0.515957341105576 0.333130646407426
chr20-21200000 -0.544611445811546 -0.887378776782632 -0.544611445811546
chr20-21250000 -1.19136877692026 -1.07308949462116 -1.07308949462116
chr20-21300000 -1.42235353803052 -0.980234135701896 -0.980234135701896
chr20-21350000 -1.28376268136436 -0.562385020565208 -0.562385020565208
chr20-21400000 -1.14517182469821 0.317363364491639 0.317363364491639
chr20-21450000 -0.0655299969743457 1.65067649344718 1.65067649344718
chr20-21500000 1.48227160696122 2.40992424743576 2.40992424743576
chr20-21550000 2.73525385776621 2.70621605387032 2.73525385776621
chr20-21600000 3.14063046832076 2.22474186841415 3.14063046832076
chr20-21650000 3.08535183960878 1.28031173540398 3.08535183960878
chr20-21700000 2.21931998978769 -0.404847913692614 2.21931998978769
chr20-21750000 0.944761341995681 -1.44451093029822 0.944761341995681
chr20-21800000 0.0541694910041545 -1.53736628921748 0.0541694910041545
chr20-21850000 -0.471567650821717 -1.39808325083858 -0.471567650821717
chr20-21900000 -0.544611445811546 -1.25880021245969 -0.544611445811546
chr20-21950000 -0.867990111365904 -0.655240379484472 -0.655240379484472
chr20-22000000 -1.37615658580847 -0.469529661645944 -0.469529661645944
chr20-22050000 -1.37379087649132 -0.12636114418012 -0.12636114418012
chr20-22100000 -0.268218302251623 0.56221660286833 0.56221660286833
chr20-22150000 0.966337738982701 1.53956706603422 1.53956706603422
chr20-22200000 1.66817098178776 2.72473429177248 2.72473429177248
chr20-22250000 1.37647739313883 2.7617707675768 2.7617707675768
chr20-22300000 0.149304606591831 0.761801074143486 0.761801074143486
chr20-22350000 -0.406020589145393 -0.941876812855264 -0.406020589145393
chr20-22400000 -1.05277792025411 -1.44451093029822 -1.05277792025411
chr20-22450000 -1.26323361906735 -1.30522789191932 -1.26323361906735
chr20-22500000 -0.885039511596055 -0.60881270002484 -0.60881270002484
chr20-22550000 -0.0955257431997706 0.14472011995336 0.14472011995336
chr20-22600000 0.708370804993439 0.892582755471075 0.892582755471075
chr20-22650000 0.911059110270716 1.16398810648167 1.16398810648167
chr20-22700000 0.579387337998808 0.553193622667403 0.579387337998808
chr20-22750000 0.11496793164594 -0.108556107258049 0.11496793164594
chr20-22800000 -0.27017018310435 -0.664103244322859 -0.27017018310435
chr20-22850000 -0.398523855831888 -0.701668058944104 -0.398523855831888
chr20-22900000 -0.175035828035137 -0.515957341105576 -0.175035828035137
chr20-22950000 -0.359823636923341 -0.44254873432125 -0.359823636923341
chr20-23000000 -0.637005350255648 -0.426050526430471 -0.426050526430471
chr20-23050000 -1.37615658580847 -0.440735903153908 -0.440735903153908
chr20-23100000 -1.37615658580847 -0.195212051973682 -0.195212051973682
chr20-23150000 -0.669357474314817 0.724764598339166 0.724764598339166
chr20-23200000 0.0517886428602667 1.33586644911046 1.33586644911046
chr20-23250000 0.295392196571489 1.61364001764286 1.61364001764286
chr20-23300000 0.148342837519221 1.37290292491478 1.37290292491478
chr20-23350000 0.0266010508789621 0.317363364491639 0.317363364491639
chr20-23400000 -0.2313658831103 -0.256702010475332 -0.2313658831103
chr20-23450000 -0.360349350104931 -0.682621482225019 -0.360349350104931
chr20-23500000 -0.157661044827653 -0.812249147540141 -0.157661044827653
chr20-23550000 0.800501852846747 -0.423101982186312 0.800501852846747
chr20-23600000 1.09532120597733 0.108015816561197 1.09532120597733
chr20-23650000 0.59781354756947 -0.0516805465092565 0.59781354756947
chr20-23700000 -0.128838875813086 -0.589365947889902 -0.128838875813086
chr20-23750000 -0.452217541367444 -0.695770970455787 -0.452217541367444
chr20-23800000 -0.867990111365904 -1.41861459652559 -0.867990111365904
chr20-23850000 -1.19136877692026 -1.07308949462116 -1.07308949462116
chr20-23900000 -1.09897487247616 -0.562385020565208 -0.562385020565208
chr20-23950000 -0.599890074523531 0.108015816561197 0.108015816561197
chr20-24000000 -0.507759026670223 0.532955496770653 0.532955496770653
chr20-24050000 -0.489332817099561 0.512068977567218 0.512068977567218
chr20-24100000 -0.286644511822284 0.403512487739186 0.403512487739186
chr20-24150000 -0.2313658831103 0.169217461274356 0.169217461274356
chr20-24200000 -0.2313658831103 -0.0900378693558887 -0.0900378693558887
chr20-24250000 -0.434054188387577 -0.494574321830117 -0.434054188387577
chr20-24300000 -0.305070721392946 -0.515957341105576 -0.305070721392946
chr20-24350000 -0.415627978816915 -0.515957341105576 -0.415627978816915
chr20-24400000 -0.494713034410238 -0.515957341105576 -0.494713034410238
chr20-24450000 -0.484971436944365 -0.515957341105576 -0.484971436944365
chr20-24500000 -0.508089548316631 -0.515957341105576 -0.508089548316631
chr20-24550000 -0.544611445811546 -0.404847913692614 -0.404847913692614
chr20-24600000 -0.544611445811546 -0.16411082096453 -0.16411082096453
chr20-24650000 -0.914187063587955 0.0766262717635543 0.0766262717635543
chr20-24700000 -1.11119153004977 0.335881602393799 0.335881602393799
chr20-24750000 -0.927593019819118 0.446991029806761 0.446991029806761
chr20-24800000 0.0450272604496237 0.817355787849967 0.817355787849967
chr20-24850000 1.86922200794512 1.98400477568607 1.98400477568607
chr20-24900000 1.46384539739056 2.02104125149039 2.02104125149039
chr20-24950000 -0.020678126097808 0.113662747567875 0.113662747567875
chr20-25000000 -0.72353147241309 -1.31224157089847 -0.72353147241309
chr20-25050000 -0.683202302477699 -1.30522789191932 -0.683202302477699
chr20-25100000 -0.128838875813086 -0.748095738403736 -0.128838875813086
chr20-25150000 -0.305070721392946 -0.237391264347784 -0.237391264347784
chr20-25200000 -0.459504429365419 -0.14453590542852 -0.14453590542852
chr20-25250000 0.100305889161608 -0.332435824144761 0.100305889161608
chr20-25300000 0.391565735095854 -0.36551446520224 0.391565735095854
chr20-25350000 1.74023854095049 0.612364228169442 1.74023854095049
chr20-25400000 2.01663168451041 0.510427584116484 2.01663168451041
chr20-25450000 1.00859160433028 -0.238183772573171 1.00859160433028
chr20-25500000 0.178915519507425 -1.11951717408079 0.178915519507425
chr20-25550000 -0.455151432510774 -1.39808325083858 -0.455151432510774
chr20-25600000 -0.617655240801375 -1.11951717408079 -0.617655240801375
chr20-25650000 -0.683202302477699 -0.515957341105576 -0.515957341105576
chr20-25700000 -1.23756572914231 -0.37667430272668 -0.37667430272668
chr20-25750000 -0.94886977393065 0.14472011995336 0.14472011995336
chr20-25800000 -0.946352318255606 0.413079743870513 0.413079743870513
chr20-25850000 -0.728873541518161 0.31147847636277 0.31147847636277
chr20-25900000 -0.876283218083454 0.169217461274356 0.169217461274356
chr20-25950000 -0.142870573367486 1.55808530393638 1.55808530393638
chr20-26000000 0.93369102529409 0.113662747567875 0.93369102529409
chr20-26050000 0.0559489330751188 -0.793730909637981 0.0559489330751188
chr20-26100000 -0.267429732479239 -1.11951717408079 -0.267429732479239
chr20-26150000 -0.452217541367444 -1.21333910555668 -0.452217541367444
chr20-26200000 -0.498414493589495 -1.35165557137895 -0.498414493589495
chr20-26250000 -0.544611445811546 -1.07308949462116 -0.544611445811546
chr20-26300000 -0.544611445811546 -0.515957341105576 -0.515957341105576
chr20-26350000 -0.544611445811546 -0.515957341105576 -0.515957341105576
chr20-26400000 -0.544611445811546 -0.515957341105576 -0.515957341105576
chr20-26450000 -0.544611445811546 -0.515957341105576 -0.515957341105576
chr20-26500000 -0.544611445811546 -0.515957341105576 -0.515957341105576
chr20-26550000 -0.544611445811546 -0.515957341105576 -0.515957341105576
chr20-26600000 -0.544611445811546 -0.515957341105576 -0.515957341105576
chr20-26650000 -0.544611445811546 -0.515957341105576 -0.515957341105576
chr20-26700000 -0.544611445811546 -0.515957341105576 -0.515957341105576
chr20-26750000 -0.544611445811546 -0.515957341105576 -0.515957341105576
chr20-26800000 -0.544611445811546 -0.515957341105576 -0.515957341105576
chr20-26850000 -0.544611445811546 -0.515957341105576 -0.515957341105576
chr20-26900000 -0.544611445811546 -0.515957341105576 -0.515957341105576
chr20-26950000 -0.544611445811546 -0.515957341105576 -0.515957341105576
chr20-27000000 -0.544611445811546 -0.515957341105576 -0.515957341105576
chr20-27050000 -0.544611445811546 -0.515957341105576 -0.515957341105576
chr20-27100000 -0.544611445811546 -0.515957341105576 -0.515957341105576
chr20-27150000 -0.544611445811546 -0.515957341105576 -0.515957341105576
chr20-27200000 -0.544611445811546 -0.515957341105576 -0.515957341105576
chr20-27250000 -0.544611445811546 -0.515957341105576 -0.515957341105576
chr20-27300000 -0.544611445811546 -0.515957341105576 -0.515957341105576
chr20-27350000 -0.544611445811546 -0.515957341105576 -0.515957341105576
chr20-27400000 -0.544611445811546 -0.515957341105576 -0.515957341105576
chr20-27450000 -0.544611445811546 -0.515957341105576 -0.515957341105576
chr20-27500000 -0.544611445811546 -0.515957341105576 -0.515957341105576
chr20-27550000 -0.544611445811546 -0.515957341105576 -0.515957341105576
chr20-27600000 -0.544611445811546 -0.515957341105576 -0.515957341105576
chr20-27650000 -0.544611445811546 -0.515957341105576 -0.515957341105576
chr20-27700000 -0.544611445811546 -0.515957341105576 -0.515957341105576
chr20-27750000 -0.544611445811546 -0.515957341105576 -0.515957341105576
chr20-27800000 -0.544611445811546 -0.515957341105576 -0.515957341105576
chr20-27850000 -0.544611445811546 -0.515957341105576 -0.515957341105576
chr20-27900000 -0.544611445811546 -0.515957341105576 -0.515957341105576
chr20-27950000 -0.544611445811546 -0.515957341105576 -0.515957341105576
chr20-28000000 -0.544611445811546 -0.515957341105576 -0.515957341105576
chr20-28050000 -0.544611445811546 -0.515957341105576 -0.515957341105576
chr20-28100000 -0.544611445811546 -0.515957341105576 -0.515957341105576
chr20-28150000 -0.544611445811546 -0.515957341105576 -0.515957341105576
chr20-28200000 -0.544611445811546 -0.515957341105576 -0.515957341105576
chr20-28250000 -0.544611445811546 -0.515957341105576 -0.515957341105576
chr20-28300000 -0.544611445811546 -0.515957341105576 -0.515957341105576
chr20-28350000 -0.544611445811546 -0.515957341105576 -0.515957341105576
chr20-28400000 -0.544611445811546 -0.515957341105576 -0.515957341105576
chr20-28450000 -0.544611445811546 -0.515957341105576 -0.515957341105576
chr20-28500000 -0.544611445811546 -0.515957341105576 -0.515957341105576
chr20-28550000 -0.544611445811546 -0.515957341105576 -0.515957341105576
chr20-28600000 -0.544611445811546 -0.515957341105576 -0.515957341105576
chr20-28650000 -0.544611445811546 -0.515957341105576 -0.515957341105576
chr20-28700000 -0.544611445811546 -0.515957341105576 -0.515957341105576
chr20-28750000 -0.544611445811546 -0.515957341105576 -0.515957341105576
chr20-28800000 -0.544611445811546 -0.515957341105576 -0.515957341105576
chr20-28850000 -0.544611445811546 -0.515957341105576 -0.515957341105576
chr20-28900000 -0.544611445811546 -0.515957341105576 -0.515957341105576
chr20-28950000 -0.544611445811546 -0.515957341105576 -0.515957341105576
chr20-29000000 -0.544611445811546 -0.515957341105576 -0.515957341105576
chr20-29050000 -0.544611445811546 -0.515957341105576 -0.515957341105576
chr20-29100000 -0.544611445811546 -0.515957341105576 -0.515957341105576
chr20-29150000 -0.544611445811546 -0.515957341105576 -0.515957341105576
chr20-29200000 -0.544611445811546 -0.515957341105576 -0.515957341105576
chr20-29250000 -0.544611445811546 -0.515957341105576 -0.515957341105576
chr20-29300000 -0.544611445811546 -0.515957341105576 -0.515957341105576
chr20-29350000 -0.544611445811546 -0.515957341105576 -0.515957341105576
chr20-29400000 -0.694306680015471 -0.515957341105576 -0.515957341105576
chr20-29450000 -0.484971436944365 -0.469529661645944 -0.469529661645944
chr20-29500000 -0.288958163347144 -0.469529661645944 -0.288958163347144
chr20-29550000 -0.128838875813086 -0.283818943807416 -0.128838875813086
chr20-29600000 -0.544611445811546 -0.552993816909897 -0.544611445811546
chr20-29650000 -0.365691419210002 -0.701139720127179 -0.365691419210002
chr20-29700000 -0.325480060842058 -0.701139720127179 -0.325480060842058
chr20-29750000 -0.267429732479239 -0.562385020565208 -0.267429732479239
chr20-29800000 -1.09897487247616 -0.440735903153908 -0.440735903153908
chr20-29850000 -1.37615658580847 0.0400011600563732 0.0400011600563732
chr20-29900000 -1.09349397122594 0.125533237158212 0.125533237158212
chr20-29950000 -0.139234835256992 0.484027505611081 0.484027505611081
chr20-30000000 1.11374741554799 0.724764598339166 1.11374741554799
chr20-30050000 2.1640413610757 0.876873042683383 2.1640413610757
chr20-30100000 2.03505789408107 0.14472011995336 2.03505789408107
chr20-30150000 1.85079579837446 -0.396081588205436 1.85079579837446
chr20-30200000 1.46384539739056 -0.849285623344462 1.46384539739056
chr20-30250000 1.6849599122385 -1.44451093029822 1.6849599122385
chr20-30300000 1.97977926536909 -0.283818943807416 1.97977926536909
chr20-30350000 1.33486193039593 -0.0981082259688885 1.33486193039593
chr20-30400000 -0.212939673539638 -0.840951097323 -0.212939673539638
chr20-30450000 -0.728873541518161 -1.49093860975785 -0.728873541518161
chr20-30500000 -0.415627978816915 -1.58379396867711 -0.415627978816915
chr20-30550000 -0.0839562065450072 -0.887378776782632 -0.0839562065450072
chr20-30600000 0.376699032721532 -0.0052528670496246 0.376699032721532
chr20-30650000 1.27958330168395 0.658580367443644 1.27958330168395
chr20-30700000 0.818928062417409 0.622862311445759 0.818928062417409
chr20-30750000 -0.0339693471347826 0.261330851061659 0.261330851061659
chr20-30800000 -0.519662240110892 -0.451808283279197 -0.451808283279197
chr20-30850000 -0.836786625770862 -1.07150447817039 -0.836786625770862
chr20-30900000 -0.683202302477699 -0.980234135701896 -0.683202302477699
chr20-30950000 -0.128838875813086 -0.330246623267048 -0.128838875813086
chr20-31000000 -0.142870573367486 0.0713115131690338 0.0713115131690338
chr20-31050000 -0.498414493589495 0.233266114520302 0.233266114520302
chr20-31100000 -1.32995963358642 -0.315366839901128 -0.315366839901128
chr20-31150000 -1.28376268136436 0.0210715580570733 0.0210715580570733
chr20-31200000 -0.0286775778330226 1.3173482112083 1.3173482112083
chr20-31250000 0.726797014564101 1.24327525959965 1.24327525959965
chr20-31300000 1.72181233137982 0.928465215262929 1.72181233137982
chr20-31350000 1.97977926536909 0.652831249670794 1.97977926536909
chr20-31400000 1.5617872112301 0.386699914314438 1.5617872112301
chr20-31450000 0.303661548010696 -0.580106398931955 0.303661548010696
chr20-31500000 -0.398523855831888 -1.30522789191932 -0.398523855831888
chr20-31550000 -0.544611445811546 -1.25880021245969 -0.544611445811546
chr20-31600000 -0.637005350255648 -0.748095738403736 -0.637005350255648
chr20-31650000 -1.28376268136436 -0.469529661645944 -0.469529661645944
chr20-31700000 -1.60714134691872 -0.330246623267048 -0.330246623267048
chr20-31750000 -0.885039511596055 0.135961787808879 0.135961787808879
chr20-31800000 0.370288980984322 1.10915212382935 1.10915212382935
chr20-31850000 1.4454191878199 2.40992424743576 2.40992424743576
chr20-31900000 1.85079579837446 2.9469531465984 2.9469531465984
chr20-31950000 0.927391690527051 2.05807772729471 2.05807772729471
chr20-32000000 0.10214588529717 0.335881602393799 0.335881602393799
chr20-32050000 -1.00658096803206 -1.49093860975785 -1.00658096803206
chr20-32100000 -1.04211910421941 -1.95521540435417 -1.04211910421941
chr20-32150000 -0.0839562065450072 -1.21237253300006 -0.0839562065450072
chr20-32200000 1.00319015812402 0.0876024918696393 1.00319015812402
chr20-32250000 1.27668057033621 0.768693277620133 1.27668057033621
chr20-32300000 1.03584878916876 0.802675940795969 1.03584878916876
chr20-32350000 0.767468749266442 0.612364228169442 0.767468749266442
chr20-32400000 0.148342837519221 -0.0882969555963843 0.148342837519221
chr20-32450000 -0.729399254699751 -0.997431526561744 -0.729399254699751
chr20-32500000 -1.46855049025257 -1.35165557137895 -1.35165557137895
chr20-32550000 -1.56094439469667 -1.11951717408079 -1.11951717408079
chr20-32600000 -0.894709427654115 -0.423101982186312 -0.423101982186312
chr20-32650000 0.689944595422778 0.56221660286833 0.689944595422778
chr20-32700000 2.18246757064636 1.75064270209314 2.18246757064636
chr20-32750000 2.53256555248893 1.79882239666446 2.53256555248893
chr20-32800000 2.49571313334761 1.39142116281694 2.49571313334761
chr20-32850000 1.30646616189172 0.317363364491639 1.30646616189172
chr20-32900000 -0.170373360301733 -1.29372333299631 -0.170373360301733
chr20-32950000 -0.574431450245137 -1.81593236597527 -0.574431450245137
chr20-33000000 -0.325480060842058 -1.11951717408079 -0.325480060842058
chr20-33050000 0.379327598629477 -0.190963584888152 0.379327598629477
chr20-33100000 -0.452217541367444 0.180457850788903 0.180457850788903
chr20-33150000 -1.51474744247462 -0.369140127536924 -0.369140127536924
chr20-33200000 -1.65333829914077 -0.315366839901128 -0.315366839901128
chr20-33250000 -0.194513463968977 0.724764598339166 0.724764598339166
chr20-33300000 1.66653370266784 2.00252301358823 2.00252301358823
chr20-33350000 2.4979643921375 3.09509904981569 3.09509904981569
chr20-33400000 1.25173136463556 1.57660354183854 1.57660354183854
chr20-33450000 0.171068660594629 -0.256702010475332 0.171068660594629
chr20-33500000 -0.288958163347144 -1.18261390558335 -0.288958163347144
chr20-33550000 -0.452217541367444 -1.35165557137895 -0.452217541367444
chr20-33600000 -0.637005350255648 -0.748095738403736 -0.637005350255648
chr20-33650000 -0.727220933286119 -0.37667430272668 -0.37667430272668
chr20-33700000 -1.00658096803206 -0.405844430929087 -0.405844430929087
chr20-33750000 -0.914187063587955 0.0834214233951264 0.0834214233951264
chr20-33800000 -0.394916211607621 0.938323792626669 0.938323792626669
chr20-33850000 0.0266010508789621 1.38713137441033 1.38713137441033
chr20-33900000 0.83735427198807 1.46549411442558 1.46549411442558
chr20-33950000 1.83236958880379 1.02105640477373 1.83236958880379
chr20-34000000 1.75327799823389 0.669209884632685 1.75327799823389
chr20-34050000 0.578102810717892 -0.386329675790454 0.578102810717892
chr20-34100000 0.0517886428602667 -0.794523417863368 0.0517886428602667
chr20-34150000 -0.252436265852229 -1.06652189198802 -0.252436265852229
chr20-34200000 -0.452217541367444 -0.933806456242264 -0.452217541367444
chr20-34250000 -1.19136877692026 -0.37667430272668 -0.37667430272668
chr20-34300000 -1.60714134691872 -0.423101982186312 -0.423101982186312
chr20-34350000 -1.4211369856895 -0.259027217360434 -0.259027217360434
chr20-34400000 -0.581463864952869 0.537142790217774 0.537142790217774
chr20-34450000 1.35328813996659 1.8789408177459 1.8789408177459
chr20-34500000 2.69840143862489 3.03954433610921 3.03954433610921
chr20-34550000 1.55597644524387 1.52104882813206 1.55597644524387
chr20-34600000 0.616239757140132 0.0766262717635543 0.616239757140132
chr20-34650000 0.578102810717892 -0.645585006420698 0.578102810717892
chr20-34700000 0.916264453985037 -0.515957341105576 0.916264453985037
chr20-34750000 0.51791845529563 -0.0981082259688885 0.51791845529563
chr20-34800000 -0.498414493589495 -0.60881270002484 -0.498414493589495
chr20-34850000 -1.60714134691872 -1.32345201573316 -1.32345201573316
chr20-34900000 -1.98185579232315 -1.26518079673145 -1.26518079673145
chr20-34950000 -0.2313658831103 -0.49088352845502 -0.2313658831103
chr20-35000000 1.22430467297196 0.681491738320161 1.22430467297196
chr20-35050000 1.81710826056848 1.70623120715366 1.81710826056848
chr20-35100000 1.2267821589349 1.00253816687157 1.2267821589349
chr20-35150000 0.558728718231307 0.168299275709131 0.558728718231307
chr20-35200000 0.0559489330751188 -0.772553572411091 0.0559489330751188
chr20-35250000 -0.544611445811546 -1.27520509509415 -0.544611445811546
chr20-35300000 -1.19136877692026 -1.11951717408079 -1.11951717408079
chr20-35350000 -1.42235353803052 -0.655240379484472 -0.655240379484472
chr20-35400000 -1.42235353803052 -0.589365947889902 -0.589365947889902
chr20-35450000 -0.821793159143853 0.203297176295267 0.203297176295267
chr20-35500000 -0.175035828035137 1.79340874064406 1.79340874064406
chr20-35550000 0.653092176281455 2.50251543694656 2.50251543694656
chr20-35600000 0.911059110270716 1.98400477568607 1.98400477568607
chr20-35650000 1.16902604425998 1.52104882813206 1.52104882813206
chr20-35700000 1.37029642422632 1.33586644911046 1.37029642422632
chr20-35750000 1.33404883350466 0.94698345316509 1.33404883350466
chr20-35800000 0.879742556490122 0.134030171329271 0.879742556490122
chr20-35850000 0.0559489330751188 -0.562385020565208 0.0559489330751188
chr20-35900000 -1.32995963358642 -1.67664932759637 -1.32995963358642
chr20-35950000 -1.1895287807847 -1.44451093029822 -1.1895287807847
chr20-36000000 -0.360349350104931 -0.655240379484472 -0.360349350104931
chr20-36050000 0.321420404009547 -0.283818943807416 0.321420404009547
chr20-36100000 1.37171434953726 0.438354547090665 1.37171434953726
chr20-36150000 1.60434071945317 1.43202364352171 1.60434071945317
chr20-36200000 0.767468749266442 0.913249979976113 0.913249979976113
chr20-36250000 0.0397389141070872 -0.053001393551568 0.0397389141070872
chr20-36300000 -0.452217541367444 -0.923358574953103 -0.452217541367444
chr20-36350000 -0.775596206921802 -1.39808325083858 -0.775596206921802
chr20-36400000 -0.893900325620705 -0.887378776782632 -0.887378776782632
chr20-36450000 -0.335871414776412 -0.37667430272668 -0.335871414776412
chr20-36500000 -0.398523855831888 -0.185618610576108 -0.185618610576108
chr20-36550000 -0.0826419235910346 0.293203990970372 0.293203990970372
chr20-36600000 0.0559489330751188 1.15191816238027 1.15191816238027
chr20-36650000 -0.775596206921802 0.687728122534845 0.687728122534845
chr20-36700000 -1.28376268136436 -0.219665534671011 -0.219665534671011
chr20-36750000 -1.14517182469821 -0.0900378693558887 -0.0900378693558887
chr20-36800000 -1.19136877692026 0.521063981415402 0.521063981415402
chr20-36850000 -1.28376268136436 1.00253816687157 1.00253816687157
chr20-36900000 -1.00658096803206 1.44697587652342 1.44697587652342
chr20-36950000 -0.0286775778330226 2.09511420309903 2.09511420309903
chr20-37000000 1.35328813996659 2.61362486435952 2.61362486435952
chr20-37050000 2.05348410365173 2.28029658212063 2.28029658212063
chr20-37100000 2.45886071420629 1.42845763862126 2.45886071420629
chr20-37150000 2.27459861849967 0.335881602393799 2.27459861849967
chr20-37200000 1.60102024444471 -0.701668058944104 1.60102024444471
chr20-37250000 0.260528673895401 -1.16594485354042 0.260528673895401
chr20-37300000 -0.106348675872571 -1.53736628921748 -0.106348675872571
chr20-37350000 -0.359823636923341 -1.02666181516153 -0.359823636923341
chr20-37400000 -1.19136877692026 -1.07308949462116 -1.07308949462116
chr20-37450000 -1.51474744247462 -1.02666181516153 -1.02666181516153
chr20-37500000 -1.56094439469667 -0.0516805465092565 -0.0516805465092565
chr20-37550000 -1.15267636164338 0.383110805645478 0.383110805645478
chr20-37600000 0.800501852846747 1.53956706603422 1.53956706603422
chr20-37650000 2.47728692377695 2.87288019498976 2.87288019498976
chr20-37700000 2.53256555248893 2.72473429177248 2.72473429177248
chr20-37750000 2.14561515150504 1.90993182407743 2.14561515150504
chr20-37800000 1.75866475052115 0.39143631610028 1.75866475052115
chr20-37850000 1.27958330168395 -1.09002271607255 1.27958330168395
chr20-37900000 0.689944595422778 -1.21237253300006 0.689944595422778
chr20-37950000 0.376699032721532 -1.16594485354042 0.376699032721532
chr20-38000000 -0.0286775778330226 -0.980234135701896 -0.0286775778330226
chr20-38050000 -0.295119388805004 -0.701668058944104 -0.295119388805004
chr20-38100000 -0.425331428077183 -0.515957341105576 -0.425331428077183
chr20-38150000 -0.398523855831888 -0.515957341105576 -0.398523855831888
chr20-38200000 -0.359823636923341 -0.479253037713413 -0.359823636923341
chr20-38250000 -0.637005350255648 -0.515957341105576 -0.515957341105576
chr20-38300000 -1.19136877692026 -0.515957341105576 -0.515957341105576
chr20-38350000 -1.45951187260741 -0.534475579007736 -0.534475579007736
chr20-38400000 -0.694306680015471 -0.053001393551568 -0.053001393551568
chr20-38450000 0.499088709364126 0.761801074143486 0.761801074143486
chr20-38500000 0.368435991561318 1.11364759428453 1.11364759428453
chr20-38550000 -0.106348675872571 0.650691646730524 0.650691646730524
chr20-38600000 -0.452217541367444 0.0766262717635543 0.0766262717635543
chr20-38650000 -0.544611445811546 -0.386329675790454 -0.386329675790454
chr20-38700000 -0.4709066075289 -0.7381761959315 -0.4709066075289
chr20-38750000 -0.305070721392946 -0.515957341105576 -0.305070721392946
chr20-38800000 -0.459504429365419 -0.469529661645944 -0.459504429365419
chr20-38850000 -0.544611445811546 -0.216267958855225 -0.216267958855225
chr20-38900000 -0.544611445811546 -0.290293027250573 -0.290293027250573
chr20-38950000 -0.544611445811546 -0.344893186901899 -0.344893186901899
chr20-39000000 -0.544611445811546 -0.404847913692614 -0.404847913692614
chr20-39050000 -0.544611445811546 -0.497439103203416 -0.497439103203416
chr20-39100000 -0.544611445811546 -0.497439103203416 -0.497439103203416
chr20-39150000 -0.395511423643593 -0.460402627399095 -0.395511423643593
chr20-39200000 -0.1793924708624 -0.312256724181812 -0.1793924708624
chr20-39250000 0.00975198085306771 0.0766262717635543 0.0766262717635543
chr20-39300000 -0.139234835256992 0.539582219317562 0.539582219317562
chr20-39350000 -0.0655299969743457 0.558100457219723 0.558100457219723
chr20-39400000 0.726797014564101 0.502545743513242 0.726797014564101
chr20-39450000 1.33486193039593 0.576618695121883 1.33486193039593
chr20-39500000 1.57440265481453 0.780319312045647 1.57440265481453
chr20-39550000 1.17880563722253 0.835874025752128 1.17880563722253
chr20-39600000 -0.127131383741277 -1.10322619538019 -0.127131383741277
chr20-39650000 0.185826504086745 -1.53736628921748 0.185826504086745
chr20-39700000 0.379327598629477 -0.980234135701896 0.379327598629477
chr20-39750000 -0.544611445811546 -0.794523417863368 -0.544611445811546
chr20-39800000 -1.42235353803052 -1.07308949462116 -1.07308949462116
chr20-39850000 -1.39288443963379 -1.13993049877235 -1.13993049877235
chr20-39900000 -0.634071459112318 -0.3661126499804 -0.3661126499804
chr20-39950000 0.149304606591831 0.838028542024446 0.838028542024446
chr20-40000000 0.00975198085306771 1.00223702745205 1.00223702745205
chr20-40050000 -0.775596206921802 0.854392263654288 0.854392263654288
chr20-40100000 -1.46855049025257 0.132180985470035 0.132180985470035
chr20-40150000 -1.44749571477396 0.0186181407809136 0.0186181407809136
chr20-40200000 0.11873209873227 0.928465215262929 0.928465215262929
chr20-40250000 1.72181233137982 1.87289534827311 1.87289534827311
chr20-40300000 2.14561515150504 2.02104125149039 2.14561515150504
chr20-40350000 1.59282886438519 0.928465215262929 1.59282886438519
chr20-40400000 1.02161636769469 -0.152446013422763 1.02161636769469
chr20-40450000 0.560961128428147 -0.923358574953103 0.560961128428147
chr20-40500000 0.192436937014916 -1.07308949462116 0.192436937014916
chr20-40550000 -0.0471037874036841 -0.562385020565208 -0.0471037874036841
chr20-40600000 0.0266010508789621 -0.515957341105576 0.0266010508789621
chr20-40650000 -0.102382416115669 -0.515957341105576 -0.102382416115669
chr20-40700000 -0.2313658831103 -0.515957341105576 -0.2313658831103
chr20-40750000 -0.394916211607621 -0.515957341105576 -0.394916211607621
chr20-40800000 -0.508089548316631 -0.515957341105576 -0.508089548316631
chr20-40850000 -0.544611445811546 -0.515957341105576 -0.515957341105576
chr20-40900000 -0.544611445811546 -0.515957341105576 -0.515957341105576
chr20-40950000 -0.544611445811546 -0.515957341105576 -0.515957341105576
chr20-41000000 -0.544611445811546 -0.515957341105576 -0.515957341105576
chr20-41050000 -0.544611445811546 -0.515957341105576 -0.515957341105576
chr20-41100000 -0.544611445811546 -0.515957341105576 -0.515957341105576
chr20-41150000 -0.544611445811546 -0.30212714835098 -0.30212714835098
chr20-41200000 -0.526185236240884 -0.293738486279652 -0.293738486279652
chr20-41250000 -0.544611445811546 -0.312256724181812 -0.312256724181812
chr20-41300000 -0.544611445811546 -0.367811437888294 -0.367811437888294
chr20-41350000 -0.544611445811546 -0.497439103203416 -0.497439103203416
chr20-41400000 -0.544611445811546 -0.515957341105576 -0.515957341105576
chr20-41450000 -0.544611445811546 -0.515957341105576 -0.515957341105576
chr20-41500000 -0.544611445811546 -0.515957341105576 -0.515957341105576
chr20-41550000 -0.544611445811546 -0.515957341105576 -0.515957341105576
chr20-41600000 -0.544611445811546 -0.423366151594774 -0.423366151594774
chr20-41650000 -0.544611445811546 -0.219665534671011 -0.219665534671011
chr20-41700000 -0.544611445811546 0.0210715580570733 0.0210715580570733
chr20-41750000 -1.09897487247616 0.317363364491639 0.317363364491639
chr20-41800000 -1.37615658580847 0.669209884632685 0.669209884632685
chr20-41850000 -1.03397679037678 1.11364759428453 1.11364759428453
chr20-41900000 0.210863146585578 1.70623120715366 1.70623120715366
chr20-41950000 1.88764821751578 2.4839971990444 2.4839971990444
chr20-42000000 3.14063046832076 3.09509904981569 3.14063046832076
chr20-42050000 2.21931998978769 1.35438468701262 2.21931998978769
chr20-42100000 1.70338612180916 -0.497439103203416 1.70338612180916
chr20-42150000 1.37171434953726 -1.67664932759637 1.37171434953726
chr20-42200000 1.157528883111 -1.53736628921748 1.157528883111
chr20-42250000 1.42637580454013 -0.748095738403736 1.42637580454013
chr20-42300000 1.39368884237185 0.319740889167799 1.39368884237185
chr20-42350000 0.331914094066404 -0.222322913968271 0.331914094066404
chr20-42400000 -0.359823636923341 -1.16594485354042 -0.359823636923341
chr20-42450000 -1.19136877692026 -1.63022164813674 -1.19136877692026
chr20-42500000 -1.46855049025257 -1.39808325083858 -1.39808325083858
chr20-42550000 -1.74573220358488 -0.469529661645944 -0.469529661645944
chr20-42600000 -1.19329079402855 0.206253937078677 0.206253937078677
chr20-42650000 0.560961128428147 1.5951217797407 1.5951217797407
chr20-42700000 1.86922200794512 2.63214310226168 2.63214310226168
chr20-42750000 2.05348410365173 2.40992424743576 2.40992424743576
chr20-42800000 1.75866475052115 1.98400477568607 1.98400477568607
chr20-42850000 0.94791152941204 0.0951445096657147 0.94791152941204
chr20-42900000 0.708370804993439 -1.20113214348551 0.708370804993439
chr20-42950000 0.59781354756947 -0.701668058944104 0.59781354756947
chr20-43000000 -0.246736888250101 -0.515957341105576 -0.246736888250101
chr20-43050000 -0.359823636923341 -0.37667430272668 -0.359823636923341
chr20-43100000 -1.021731516749 -0.772887464850718 -0.772887464850718
chr20-43150000 -0.982874215750521 -1.02542929093117 -0.982874215750521
chr20-43200000 -0.267429732479239 -0.330246623267048 -0.267429732479239
chr20-43250000 -0.221232780257188 0.0411748124100074 0.0411748124100074
chr20-43300000 -1.05277792025411 0.0346072097768706 0.0346072097768706
chr20-43350000 -0.784152170230146 0.224772174980837 0.224772174980837
chr20-43400000 -0.498414493589495 0.224772174980837 0.224772174980837
chr20-43450000 0.194539789741272 1.13216583218669 1.13216583218669
chr20-43500000 -0.176087254398315 1.05809288057805 1.05809288057805
chr20-43550000 -0.249792092680961 0.132180985470035 0.132180985470035
chr20-43600000 -0.139234835256992 -0.404847913692614 -0.139234835256992
chr20-43650000 0.11873209873227 -0.641326404358356 0.11873209873227
chr20-43700000 0.560961128428147 -0.0516805465092565 0.560961128428147
chr20-43750000 0.468830080574839 -0.423101982186312 0.468830080574839
chr20-43800000 0.818928062417409 -0.809591768242881 0.818928062417409
chr20-43850000 1.02161636769469 -0.701668058944104 1.02161636769469
chr20-43900000 0.731993800880362 -0.14453590542852 0.731993800880362
chr20-43950000 -0.0456273317984622 -0.701668058944104 -0.0456273317984622
chr20-44000000 -0.0698267783776565 -1.06652189198802 -0.0698267783776565
chr20-44050000 0.286933694185375 -0.60881270002484 0.286933694185375
chr20-44100000 -0.267429732479239 -0.469529661645944 -0.267429732479239
chr20-44150000 -1.28376268136436 -0.515957341105576 -0.515957341105576
chr20-44200000 -1.74573220358488 -0.751170553135632 -0.751170553135632
chr20-44250000 -1.46855049025257 0.0951445096657147 0.0951445096657147
chr20-44300000 -0.663891463545908 1.15068407008885 1.15068407008885
chr20-44350000 0.827108758133623 2.70621605387032 2.70621605387032
chr20-44400000 0.984763948553363 2.5765883885552 2.5765883885552
chr20-44450000 1.22430467297196 1.48401235232774 1.48401235232774
chr20-44500000 1.70338612180916 0.576618695121883 1.70338612180916
chr20-44550000 2.29302482807033 0.132180985470035 2.29302482807033
chr20-44600000 1.24263589955713 -0.748095738403736 1.24263589955713
chr20-44650000 0.0292202853035004 -0.933806456242264 0.0292202853035004
chr20-44700000 -0.00785136600691461 -0.91970467841937 -0.00785136600691461
chr20-44750000 -0.359823636923341 -1.02666181516153 -0.359823636923341
chr20-44800000 -0.683202302477699 -0.840951097323 -0.683202302477699
chr20-44850000 -1.09897487247616 -0.469529661645944 -0.469529661645944
chr20-44900000 -1.23047154778413 -0.515957341105576 -0.515957341105576
chr20-44950000 -0.800264728275948 0.0834214233951264 0.0834214233951264
chr20-45000000 0.0559489330751188 1.03861904322889 1.03861904322889
chr20-45050000 0.194539789741272 1.42989741296125 1.42989741296125
chr20-45100000 -0.305070721392946 1.11364759428453 1.11364759428453
chr20-45150000 -0.268218302251623 0.224772174980837 0.224772174980837
chr20-45200000 0.192436937014916 -0.367811437888294 0.192436937014916
chr20-45250000 0.671518385852116 0.150699223372196 0.671518385852116
chr20-45300000 1.57607103874406 0.687728122534845 1.57607103874406
chr20-45350000 1.03584878916876 0.364945940306339 1.03584878916876
chr20-45400000 0.185826504086745 -0.396081588205436 0.185826504086745
chr20-45450000 -0.359823636923341 -1.14280265736947 -0.359823636923341
chr20-45500000 -1.14517182469821 -1.37127811212396 -1.14517182469821
chr20-45550000 -1.60714134691872 -1.07150447817039 -1.07150447817039
chr20-45600000 -1.58831160098722 -0.330246623267048 -0.330246623267048
chr20-45650000 0.100305889161608 0.484027505611081 0.484027505611081
chr20-45700000 2.12718894193438 1.74326768295798 2.12718894193438
chr20-45750000 2.93794216304349 2.87288019498976 2.93794216304349
chr20-45800000 1.71072449001083 2.00252301358823 2.00252301358823
chr20-45850000 0.469268704930536 0.224772174980837 0.469268704930536
chr20-45900000 -0.252436265852229 -1.31224157089847 -0.252436265852229
chr20-45950000 -0.0826419235910346 -1.49093860975785 -0.0826419235910346
chr20-46000000 -1.19136877692026 -0.933806456242264 -0.933806456242264
chr20-46050000 -1.93052001247308 -0.794523417863368 -0.794523417863368
chr20-46100000 -1.79192915580693 -0.515957341105576 -0.515957341105576
chr20-46150000 -0.507759026670223 0.353141867420443 0.353141867420443
chr20-46200000 1.88764821751578 1.81590723539613 1.88764821751578
chr20-46250000 3.28804014488606 2.90991667079408 3.28804014488606
chr20-46300000 2.69840143862489 2.50251543694656 2.69840143862489
chr20-46350000 1.90607442708644 1.07661111848021 1.90607442708644
chr20-46400000 1.16902604425998 -0.404847913692614 1.16902604425998
chr20-46450000 0.174010727444255 -1.67664932759637 0.174010727444255
chr20-46500000 -0.544611445811546 -1.21237253300006 -0.544611445811546
chr20-46550000 -0.637005350255648 -0.655240379484472 -0.637005350255648
chr20-46600000 -0.683202302477699 -0.701668058944104 -0.683202302477699
chr20-46650000 -0.673594912806177 -0.562385020565208 -0.562385020565208
chr20-46700000 -0.416950921142355 -0.222322913968271 -0.222322913968271
chr20-46750000 -0.145424154601079 0.173328238070232 0.173328238070232
chr20-46800000 -0.186771392608458 0.461921352266106 0.461921352266106
chr20-46850000 -0.215914368357315 0.539582219317562 0.539582219317562
chr20-46900000 -0.359823636923341 0.539582219317562 0.539582219317562
chr20-46950000 -1.19136877692026 0.169217461274356 0.169217461274356
chr20-47000000 -1.65333829914077 0.150699223372196 0.150699223372196
chr20-47050000 -1.02369289464875 0.539582219317562 0.539582219317562
chr20-47100000 -0.0839562065450072 1.22475702169749 1.22475702169749
chr20-47150000 1.11497537488793 2.26177834421847 2.26177834421847
chr20-47200000 1.72576627294799 3.11361728771785 3.11361728771785
chr20-47250000 0.349988687196173 1.52104882813206 1.52104882813206
chr20-47300000 -0.821793159143853 -0.497439103203416 -0.497439103203416
chr20-47350000 -1.56094439469667 -1.72307700705601 -1.56094439469667
chr20-47400000 -1.46855049025257 -1.58379396867711 -1.46855049025257
chr20-47450000 -0.455151432510774 -0.423101982186312 -0.423101982186312
chr20-47500000 0.952786351479951 0.923300722143015 0.952786351479951
chr20-47550000 0.471721503073579 0.878806187796622 0.878806187796622
chr20-47600000 -0.31362668470129 0.68758566612111 0.68758566612111
chr20-47650000 -0.673594912806177 0.638725699769242 0.638725699769242
chr20-47700000 -0.489332817099561 0.687728122534845 0.687728122534845
chr20-47750000 -0.139234835256992 0.613655170926204 0.613655170926204
chr20-47800000 0.966337738982701 0.650691646730524 0.966337738982701
chr20-47850000 1.66653370266784 1.0990320081496 1.66653370266784
chr20-47900000 1.42699297824924 0.592893373220724 1.42699297824924
chr20-47950000 0.763649433705424 -0.791769280261692 0.763649433705424
chr20-48000000 0.524108709286824 -1.61920509773004 0.524108709286824
chr20-48050000 0.710717046768831 -1.35165557137895 0.710717046768831
chr20-48100000 1.02718851332967 -0.283818943807416 1.02718851332967
chr20-48150000 0.952786351479951 0.644734645385223 0.952786351479951
chr20-48200000 0.0559489330751188 0.218128726737686 0.218128726737686
chr20-48250000 -1.14517182469821 -1.02542929093117 -1.02542929093117
chr20-48300000 -1.83812610802898 -1.74457416098282 -1.74457416098282
chr20-48350000 -1.64026837065898 -1.21237253300006 -1.21237253300006
chr20-48400000 -0.590808398033597 -0.0052528670496246 -0.0052528670496246
chr20-48450000 0.194539789741272 0.915510491188785 0.915510491188785
chr20-48500000 1.6849599122385 1.55189939642185 1.6849599122385
chr20-48550000 1.33486193039593 1.3173482112083 1.33486193039593
chr20-48600000 1.15059983468932 0.706246360437006 1.15059983468932
chr20-48650000 1.79551716966247 0.891428739458609 1.79551716966247
chr20-48700000 1.94292684622776 0.521063981415402 1.94292684622776
chr20-48750000 1.6256174735647 0.412596248087063 1.6256174735647
chr20-48800000 0.111428651727448 -0.423101982186312 0.111428651727448
chr20-48850000 -0.690699035791204 -1.32345201573316 -0.690699035791204
chr20-48900000 -1.00658096803206 -1.67664932759637 -1.00658096803206
chr20-48950000 -1.00658096803206 -1.25880021245969 -1.00658096803206
chr20-49000000 -1.00658096803206 -0.237391264347784 -0.237391264347784
chr20-49050000 -1.23756572914231 0.505451607006327 0.505451607006327
chr20-49100000 -1.65333829914077 0.293203990970372 0.293203990970372
chr20-49150000 -0.693711467979499 1.21606722020665 1.21606722020665
chr20-49200000 -0.252436265852229 2.22474186841415 2.22474186841415
chr20-49250000 -0.175035828035137 2.44696072324008 2.44696072324008
chr20-49300000 0.00817484130830052 2.46547896114224 2.46547896114224
chr20-49350000 0.395125242292193 1.96548653778391 1.96548653778391
chr20-49400000 0.210863146585578 0.372918078198119 0.372918078198119
chr20-49450000 0.395125242292193 -0.423366151594774 0.395125242292193
chr20-49500000 1.42637580454013 -0.0715196314537283 1.42637580454013
chr20-49550000 1.57260886897339 0.621876064051481 1.57260886897339
chr20-49600000 0.379327598629477 0.0411748124100074 0.379327598629477
chr20-49650000 -0.415627978816915 -0.993113285203697 -0.415627978816915
chr20-49700000 -0.4709066075289 -1.62480805543188 -0.4709066075289
chr20-49750000 -0.438227675253887 -1.53736628921748 -0.438227675253887
chr20-49800000 -0.0955257431997706 -0.60881270002484 -0.0955257431997706
chr20-49850000 0.528908713797717 0.366168568627431 0.528908713797717
chr20-49900000 0.916264453985037 1.22224107594646 1.22224107594646
chr20-49950000 -0.0364449713689835 0.737733291422222 0.737733291422222
chr20-50000000 -1.23756572914231 -0.366276206177359 -0.366276206177359
chr20-50050000 -1.60714134691872 -0.812249147540141 -0.812249147540141
chr20-50100000 -1.30008603820867 -0.849285623344462 -0.849285623344462
chr20-50150000 0.395125242292193 -0.0981082259688885 0.395125242292193
chr20-50200000 1.41284993244938 1.03957464267589 1.41284993244938
chr20-50250000 1.05213771903032 1.02105640477373 1.05213771903032
chr20-50300000 0.290348678328992 0.780319312045647 0.780319312045647
chr20-50350000 -0.215914368357315 0.354399840295959 0.354399840295959
chr20-50400000 -0.498414493589495 -0.386329675790454 -0.386329675790454
chr20-50450000 -0.857857008512792 -1.02666181516153 -0.857857008512792
chr20-50500000 -0.736102232815332 -0.469529661645944 -0.469529661645944
chr20-50550000 -0.27017018310435 -0.185618610576108 -0.185618610576108
chr20-50600000 0.021968638426676 0.293203990970372 0.293203990970372
chr20-50650000 0.22234840158166 0.68758566612111 0.68758566612111
chr20-50700000 -0.157661044827653 0.852555892523838 0.852555892523838
chr20-50750000 -0.0839562065450072 0.0951445096657147 0.0951445096657147
chr20-50800000 0.431977661433516 -0.534475579007736 0.431977661433516
chr20-50850000 0.487256290145501 -0.748095738403736 0.487256290145501
chr20-50900000 0.35827282315087 -0.60881270002484 0.35827282315087
chr20-50950000 0.413551451862855 -0.369140127536924 0.413551451862855
chr20-51000000 0.210863146585578 -0.336143711755365 0.210863146585578
chr20-51050000 -0.12080862568633 -0.701668058944104 -0.12080862568633
chr20-51100000 -0.268218302251623 -0.515957341105576 -0.268218302251623
chr20-51150000 -0.397201769246253 -0.515957341105576 -0.397201769246253
chr20-51200000 -0.452480397958238 -0.515957341105576 -0.452480397958238
chr20-51250000 -0.212939673539638 -0.515957341105576 -0.212939673539638
chr20-51300000 -0.0471037874036841 -0.515957341105576 -0.0471037874036841
chr20-51350000 -0.289290396473164 -0.515957341105576 -0.289290396473164
chr20-51400000 -0.419865417308275 -0.515957341105576 -0.419865417308275
chr20-51450000 -0.435045753326802 -0.515957341105576 -0.435045753326802
chr20-51500000 -0.452217541367444 -0.515957341105576 -0.452217541367444
chr20-51550000 -0.590808398033597 -0.545926279330611 -0.545926279330611
chr20-51600000 -0.637005350255648 -0.562385020565208 -0.562385020565208
chr20-51650000 -0.729399254699751 -0.515957341105576 -0.515957341105576
chr20-51700000 -0.663891463545908 -0.485988402880541 -0.485988402880541
chr20-51750000 -0.425331428077183 -0.340440652551684 -0.340440652551684
chr20-51800000 -0.215914368357315 0.261808650785158 0.261808650785158
chr20-51850000 -0.406020589145393 0.521063981415402 0.521063981415402
chr20-51900000 -0.636742493664854 0.558100457219723 0.558100457219723
chr20-51950000 0.782075643276086 0.687728122534845 0.782075643276086
chr20-52000000 1.26115709211329 0.724764598339166 1.26115709211329
chr20-52050000 1.97977926536909 1.00253816687157 1.97977926536909
chr20-52100000 2.8826635343315 1.57660354183854 2.8826635343315
chr20-52150000 2.00859904757227 1.35438468701262 2.00859904757227
chr20-52200000 0.303661548010696 -1.2429799964712 0.303661548010696
chr20-52250000 -0.406020589145393 -1.58379396867711 -0.406020589145393
chr20-52300000 -1.28376268136436 -1.72307700705601 -1.28376268136436
chr20-52350000 -1.51474744247462 -1.49093860975785 -1.49093860975785
chr20-52400000 -1.56094439469667 -0.655240379484472 -0.655240379484472
chr20-52450000 -1.20200560072001 0.218128726737686 0.218128726737686
chr20-52500000 -0.175035828035137 1.40205470529667 1.40205470529667
chr20-52550000 -0.010251368262361 1.76575961009502 1.76575961009502
chr20-52600000 0.763649433705424 1.85755779847044 1.85755779847044
chr20-52650000 1.9245006366571 2.70621605387032 2.70621605387032
chr20-52700000 1.66653370266784 1.61364001764286 1.66653370266784
chr20-52750000 1.51912402610255 0.39143631610028 1.51912402610255
chr20-52800000 1.30646616189172 0.187735699176516 1.30646616189172
chr20-52850000 0.379808691629764 -0.515957341105576 0.379808691629764
chr20-52900000 -0.1793924708624 -0.887378776782632 -0.1793924708624
chr20-52950000 -0.452217541367444 -0.933806456242264 -0.452217541367444
chr20-53000000 -0.867990111365904 -1.11951717408079 -0.867990111365904
chr20-53050000 -1.32995963358642 -0.748095738403736 -0.748095738403736
chr20-53100000 -1.46855049025257 -0.423101982186312 -0.423101982186312
chr20-53150000 -1.09243990823526 0.0713115131690338 0.0713115131690338
chr20-53200000 0.229289356156239 1.20623878379533 1.20623878379533
chr20-53250000 1.37171434953726 2.28029658212063 2.28029658212063
chr20-53300000 1.83236958880379 2.00252301358823 2.00252301358823
chr20-53350000 1.88764821751578 1.11364759428453 1.88764821751578
chr20-53400000 1.90607442708644 0.058108033861394 1.90607442708644
chr20-53450000 1.94292684622776 -0.849285623344462 1.94292684622776
chr20-53500000 1.64810749309718 -0.60881270002484 1.64810749309718
chr20-53550000 0.892632900700055 -0.562385020565208 0.892632900700055
chr20-53600000 -0.00785136600691461 -0.887378776782632 -0.00785136600691461
chr20-53650000 -0.435045753326802 -1.30522789191932 -0.435045753326802
chr20-53700000 -0.544611445811546 -1.30522789191932 -0.544611445811546
chr20-53750000 -0.544611445811546 -0.840951097323 -0.544611445811546
chr20-53800000 -0.544611445811546 -0.515957341105576 -0.515957341105576
chr20-53850000 -0.544611445811546 -0.44254873432125 -0.44254873432125
chr20-53900000 -0.544611445811546 -0.276205835305295 -0.276205835305295
chr20-53950000 -0.544611445811546 0.0858141625077668 0.0858141625077668
chr20-54000000 -0.507759026670223 0.39143631610028 0.39143631610028
chr20-54050000 -0.4709066075289 0.298845126589478 0.298845126589478
chr20-54100000 -0.4709066075289 -0.256702010475332 -0.256702010475332
chr20-54150000 -0.452480397958238 -0.497439103203416 -0.452480397958238
chr20-54200000 -0.498414493589495 -0.515957341105576 -0.498414493589495
chr20-54250000 -0.544611445811546 -0.541031153756132 -0.541031153756132
chr20-54300000 -0.544611445811546 -0.515957341105576 -0.515957341105576
chr20-54350000 -0.544611445811546 -0.515957341105576 -0.515957341105576
chr20-54400000 -0.544611445811546 -0.497439103203416 -0.497439103203416
chr20-54450000 -0.544611445811546 -0.349293199986133 -0.349293199986133
chr20-54500000 -1.14517182469821 -0.127074345160209 -0.127074345160209
chr20-54550000 -1.23756572914231 0.261808650785158 0.261808650785158
chr20-54600000 -1.00658096803206 0.891428739458609 0.891428739458609
chr20-54650000 -1.23756572914231 1.55808530393638 1.55808530393638
chr20-54700000 -0.673594912806177 2.31733305792495 2.31733305792495
chr20-54750000 0.137158308302931 2.74325252967464 2.74325252967464
chr20-54800000 0.35827282315087 2.55807015065304 2.55807015065304
chr20-54850000 0.818928062417409 2.59510662645736 2.59510662645736
chr20-54900000 0.911059110270716 2.00252301358823 2.00252301358823
chr20-54950000 0.431977661433516 -0.127074345160209 0.431977661433516
chr20-55000000 1.50069781653189 -1.21237253300006 1.50069781653189
chr20-55050000 2.18246757064636 -0.37667430272668 2.18246757064636
chr20-55100000 1.55597644524387 -0.14453590542852 1.55597644524387
chr20-55150000 0.777696456323126 -0.14453590542852 0.777696456323126
chr20-55200000 0.021968638426676 -0.794523417863368 0.021968638426676
chr20-55250000 -0.435045753326802 -1.30522789191932 -0.435045753326802
chr20-55300000 -0.544611445811546 -0.980234135701896 -0.544611445811546
chr20-55350000 -1.00658096803206 -0.515957341105576 -0.515957341105576
chr20-55400000 -1.1829140691575 -0.515957341105576 -0.515957341105576
chr20-55450000 -0.519662240110892 -0.222322913968271 -0.222322913968271
chr20-55500000 0.111428651727448 0.413079743870513 0.413079743870513
chr20-55550000 0.551045479035891 1.08776910455389 1.08776910455389
chr20-55600000 0.425524550851528 1.48401235232774 1.48401235232774
chr20-55650000 -0.885039511596055 0.613655170926204 0.613655170926204
chr20-55700000 -0.968747942722667 -0.127074345160209 -0.127074345160209
chr20-55750000 -0.693711467979499 -0.386329675790454 -0.386329675790454
chr20-55800000 -0.142870573367486 0.113662747567875 0.113662747567875
chr20-55850000 0.558728718231307 0.761801074143486 0.761801074143486
chr20-55900000 0.487256290145501 0.706246360437006 0.706246360437006
chr20-55950000 -0.212939673539638 -0.635833094005717 -0.212939673539638
chr20-56000000 0.59781354756947 -1.14280265736947 0.59781354756947
chr20-56050000 1.46384539739056 -0.772553572411091 1.46384539739056
chr20-56100000 1.64810749309718 -0.349293199986133 1.64810749309718
chr20-56150000 1.53755023567321 0.134030171329271 1.53755023567321
chr20-56200000 0.83735427198807 -0.479253037713413 0.83735427198807
chr20-56250000 0.136244685757472 -0.935522476256068 0.136244685757472
chr20-56300000 -0.369967005906967 -1.02666181516153 -0.369967005906967
chr20-56350000 -0.544611445811546 -0.794523417863368 -0.544611445811546
chr20-56400000 -0.544611445811546 -0.515957341105576 -0.515957341105576
chr20-56450000 -0.544611445811546 -0.515957341105576 -0.515957341105576
chr20-56500000 -1.19136877692026 -0.3661126499804 -0.3661126499804
chr20-56550000 -1.60714134691872 0.125533237158212 0.125533237158212
chr20-56600000 -0.415627978816915 1.00253816687157 1.00253816687157
chr20-56650000 0.94791152941204 1.7803041587623 1.7803041587623
chr20-56700000 2.51413934291827 2.61362486435952 2.61362486435952
chr20-56750000 2.84581111519018 3.02102609820705 3.02102609820705
chr20-56800000 1.29800951125461 1.3173482112083 1.3173482112083
chr20-56850000 0.137158308302931 -0.645585006420698 0.137158308302931
chr20-56900000 -0.629718462257673 -1.76950468651564 -0.629718462257673
chr20-56950000 -0.637005350255648 -1.44451093029822 -0.637005350255648
chr20-57000000 -0.498414493589495 -0.469529661645944 -0.469529661645944
chr20-57050000 -0.498414493589495 -0.237391264347784 -0.237391264347784
chr20-57100000 -0.544611445811546 -0.185618610576108 -0.185618610576108
chr20-57150000 -0.305070721392946 -0.12636114418012 -0.12636114418012
chr20-57200000 0.450403871004178 0.424895507014646 0.450403871004178
chr20-57250000 0.929485319841378 0.94698345316509 0.94698345316509
chr20-57300000 1.05114511255334 1.13216583218669 1.13216583218669
chr20-57350000 1.15193454183294 0.687728122534845 1.15193454183294
chr20-57400000 0.441479786551148 0.286404663712214 0.441479786551148
chr20-57450000 -0.637005350255648 -0.980234135701896 -0.637005350255648
chr20-57500000 -1.09897487247616 -1.43356492590965 -1.09897487247616
chr20-57550000 -0.918849531321359 -1.39808325083858 -0.918849531321359
chr20-57600000 -0.245220977403696 -0.37667430272668 -0.245220977403696
chr20-57650000 -0.604251454678727 0.134030171329271 0.134030171329271
chr20-57700000 -0.690699035791204 -0.0388013970074556 -0.0388013970074556
chr20-57750000 -0.498414493589495 0.682800187895829 0.682800187895829
chr20-57800000 -0.683202302477699 1.00253816687157 1.00253816687157
chr20-57850000 -1.14517182469821 0.687728122534845 0.687728122534845
chr20-57900000 -1.05525354448831 0.206253937078677 0.206253937078677
chr20-57950000 -0.494713034410238 0.0713115131690338 0.0713115131690338
chr20-58000000 0.20088866502822 0.682800187895829 0.682800187895829
chr20-58050000 0.587567376530806 1.25883325875757 1.25883325875757
chr20-58100000 0.10214588529717 0.767023815421999 0.767023815421999
chr20-58150000 -0.821793159143853 -0.0715196314537283 -0.0715196314537283
chr20-58200000 -0.960384015810006 -0.849285623344462 -0.849285623344462
chr20-58250000 -0.960384015810006 -1.0159497644639 -0.960384015810006
chr20-58300000 -0.821793159143853 -0.283818943807416 -0.283818943807416
chr20-58350000 -0.729399254699751 0.0411748124100074 0.0411748124100074
chr20-58400000 -0.286644511822284 0.401650243698502 0.401650243698502
chr20-58450000 0.689944595422778 0.532955496770653 0.689944595422778
chr20-58500000 1.31643572082527 0.336552289013326 1.31643572082527
chr20-58550000 1.64810749309718 0.125533237158212 1.64810749309718
chr20-58600000 1.39014055910792 -0.108556107258049 1.39014055910792
chr20-58650000 0.929485319841378 -0.75669443383366 0.929485319841378
chr20-58700000 0.59781354756947 -0.887378776782632 0.59781354756947
chr20-58750000 0.339846613580208 -0.515957341105576 0.339846613580208
chr20-58800000 0.137158308302931 -0.515957341105576 0.137158308302931
chr20-58850000 -0.139234835256992 -0.515957341105576 -0.139234835256992
chr20-58900000 -0.323496930963607 -0.515957341105576 -0.323496930963607
chr20-58950000 -0.434054188387577 -0.515957341105576 -0.434054188387577
chr20-59000000 -0.507759026670223 -0.515957341105576 -0.507759026670223
chr20-59050000 -0.544611445811546 -0.515957341105576 -0.515957341105576
chr20-59100000 -0.544611445811546 -0.515957341105576 -0.515957341105576
chr20-59150000 -0.544611445811546 -0.515957341105576 -0.515957341105576
chr20-59200000 -0.544611445811546 -0.515957341105576 -0.515957341105576
chr20-59250000 -0.544611445811546 -0.515957341105576 -0.515957341105576
chr20-59300000 -0.544611445811546 -0.515957341105576 -0.515957341105576
chr20-59350000 -0.544611445811546 -0.515957341105576 -0.515957341105576
chr20-59400000 -0.544611445811546 -0.515957341105576 -0.515957341105576
chr20-59450000 -0.544611445811546 -0.515957341105576 -0.515957341105576
chr20-59500000 -0.544611445811546 -0.515957341105576 -0.515957341105576
chr20-59550000 -0.544611445811546 -0.515957341105576 -0.515957341105576
chr20-59600000 -0.544611445811546 -0.515957341105576 -0.515957341105576
chr20-59650000 -0.544611445811546 -0.515957341105576 -0.515957341105576
chr20-59700000 -0.544611445811546 -0.515957341105576 -0.515957341105576
chr20-59750000 -0.544611445811546 -0.515957341105576 -0.515957341105576
chr20-59800000 -0.544611445811546 -0.515957341105576 -0.515957341105576
chr20-59850000 -0.544611445811546 -0.515957341105576 -0.515957341105576
chr20-59900000 -0.544611445811546 -0.515957341105576 -0.515957341105576
chr20-59950000 -0.544611445811546 -0.515957341105576 -0.515957341105576
chr20-60000000 -0.544611445811546 -0.497439103203416 -0.497439103203416
chr20-60050000 -0.544611445811546 -0.441884389496935 -0.441884389496935
chr20-60100000 -0.544611445811546 -0.330774962083973 -0.330774962083973
chr20-60150000 -0.544611445811546 -0.127074345160209 -0.127074345160209
chr20-60200000 -0.590808398033597 0.132180985470035 0.132180985470035
chr20-60250000 -1.28376268136436 0.4284727919046 0.4284727919046
chr20-60300000 -1.46855049025257 0.909946977360769 0.909946977360769
chr20-60350000 -0.581463864952869 1.44697587652342 1.44697587652342
chr20-60400000 1.09532120597733 2.11363244100119 2.11363244100119
chr20-60450000 2.09033652279306 2.68769781596816 2.68769781596816
chr20-60500000 2.10876273236372 2.28029658212063 2.28029658212063
chr20-60550000 0.653092176281455 0.280326888687318 0.653092176281455
chr20-60600000 -0.139234835256992 -1.36779628460495 -0.139234835256992
chr20-60650000 0.616239757140132 -1.35165557137895 0.616239757140132
chr20-60700000 1.39014055910792 -0.515957341105576 1.39014055910792
chr20-60750000 1.70338612180916 -0.14453590542852 1.70338612180916
chr20-60800000 1.94292684622776 -0.0516805465092565 1.94292684622776
chr20-60850000 2.05348410365173 -0.369140127536924 2.05348410365173
chr20-60900000 2.20089378021702 -0.396081588205436 2.20089378021702
chr20-60950000 1.68944773589929 -0.36551446520224 1.68944773589929
chr20-61000000 0.827108758133623 -0.840951097323 0.827108758133623
chr20-61050000 -0.106348675872571 -1.21237253300006 -0.106348675872571
chr20-61100000 -0.683202302477699 -1.67664932759637 -0.683202302477699
chr20-61150000 -1.05277792025411 -1.39808325083858 -1.05277792025411
chr20-61200000 -1.23756572914231 -0.237391264347784 -0.237391264347784
chr20-61250000 -1.74573220358488 -0.479253037713413 -0.479253037713413
chr20-61300000 -1.51474744247462 0.0234835469450561 0.0234835469450561
chr20-61350000 -0.469763828709583 1.18772054589317 1.18772054589317
chr20-61400000 0.763649433705424 2.63214310226168 2.63214310226168
chr20-61450000 1.02161636769469 2.87288019498976 2.87288019498976
chr20-61500000 0.689944595422778 1.57660354183854 1.57660354183854
chr20-61550000 0.487256290145501 0.539582219317562 0.539582219317562
chr20-61600000 0.11496793164594 -0.349293199986133 0.11496793164594
chr20-61650000 -0.245220977403696 -0.840951097323 -0.245220977403696
chr20-61700000 -0.514791441377955 -0.655240379484472 -0.514791441377955
chr20-61750000 -0.544611445811546 -0.748095738403736 -0.544611445811546
chr20-61800000 -0.544611445811546 -0.515957341105576 -0.515957341105576
chr20-61850000 -1.23756572914231 -0.440735903153908 -0.440735903153908
chr20-61900000 -0.636742493664854 -0.173829032698223 -0.173829032698223
chr20-61950000 0.505682499716162 0.317363364491639 0.505682499716162
chr20-62000000 1.94292684622776 0.817355787849967 1.94292684622776
chr20-62050000 2.6431228099129 1.42989741296125 2.6431228099129
chr20-62100000 2.97479458218481 1.63215825554502 2.97479458218481
chr20-62150000 1.62968128352652 -0.127074345160209 1.62968128352652
chr20-62200000 0.327735472761258 -1.36015631912533 0.327735472761258
chr20-62250000 -0.267429732479239 -1.49093860975785 -0.267429732479239
chr20-62300000 -0.914187063587955 -1.39808325083858 -0.914187063587955
chr20-62350000 -1.14517182469821 -1.16594485354042 -1.14517182469821
chr20-62400000 -0.27130659072985 -0.241287485278218 -0.241287485278218
chr20-62450000 -0.27130659072985 -0.241287485278218 -0.241287485278218
chr20-62500000 -0.27130659072985 -0.241287485278218 -0.241287485278218
chr20-62550000 -0.27130659072985 -0.241287485278218 -0.241287485278218
chr20-62600000 -0.27130659072985 -0.241287485278218 -0.241287485278218
chr20-62650000 -0.27130659072985 -0.241287485278218 -0.241287485278218
chr20-62700000 -0.27130659072985 -0.241287485278218 -0.241287485278218
chr20-62750000 -0.27130659072985 -0.241287485278218 -0.241287485278218
chr20-62800000 -0.27130659072985 -0.241287485278218 -0.241287485278218
chr20-62850000 -0.27130659072985 -0.241287485278218 -0.241287485278218
chr20-62900000 -0.27130659072985 -0.241287485278218 -0.241287485278218
chr20-62950000 -0.27130659072985 -0.241287485278218 -0.241287485278218
